﻿,index,股票代號,股票名稱,融資前日餘額,融資今日餘額,融券前日餘額,融券今日餘額,融資買進,融資賣出,融資現金償還,融資限額,融券買進,融券賣出,融券現券償還,融券限額,資券互抵,註記,filter
2022-12-08,155.0,1216,統一,1542,1567,56.0,61.0,,,,,,,,,,,False
2022-12-12,,1216,統一,1617,1365,55.0,13.0,2.0,204.0,50.0,1420503.0,1.0,9.0,50.0,1420503.0,1.0, ,False
2022-12-13,,1216,統一,1356,1346,11.0,5.0,24.0,34.0,,1420503.0,6.0,,,1420503.0,, ,False
2022-12-14,,1216,統一,1346,1283,5.0,14.0,10.0,73.0,,1420503.0,,9.0,,1420503.0,, ,False
2022-12-15,,1216,統一,1283,1307,14.0,14.0,30.0,5.0,1.0,1420503.0,,,,1420503.0,, ,False
2022-12-18,,1216,統一,1307,1232,14.0,10.0,8.0,83.0,,1420503.0,4.0,,,1420503.0,2.0, ,False
2022-12-19,,1216,統一,1232,1231,10.0,12.0,5.0,4.0,2.0,1420503.0,,2.0,,1420503.0,, ,False
2022-12-20,,1216,統一,1231,1191,12.0,12.0,17.0,47.0,10.0,1420503.0,,1.0,1.0,1420503.0,, ,False
2022-12-21,,1216,統一,1191,1194,12.0,8.0,9.0,6.0,,1420503.0,4.0,,,1420503.0,, ,False
2022-12-23,,1216,統一,1184,1173,12.0,14.0,6.0,17.0,,1420503.0,,2.0,,1420503.0,, ,False
2022-12-26,,1216,統一,1173,1170,14.0,18.0,1.0,4.0,,1420503.0,,4.0,,1420503.0,, ,False
2022-12-27,,1216,統一,1170,1172,18.0,22.0,43.0,41.0,,1420503.0,,4.0,,1420503.0,, ,False
2022-12-28,,1216,統一,1172,1125,22.0,28.0,3.0,50.0,,1420503.0,,6.0,,1420503.0,, ,False
2022-12-29,,1216,統一,1125,1122,28.0,30.0,3.0,6.0,,1420503.0,,2.0,,1420503.0,, ,False
2022-12-30,,1216,統一,1122,998,30.0,46.0,10.0,134.0,,1420503.0,,16.0,,1420503.0,, ,False
2023-01-03,,1216,統一,998,1018,46.0,44.0,87.0,67.0,,1420503.0,2.0,,,1420503.0,, ,
2023-01-04,,1216,統一,1018,1013,44.0,40.0,7.0,12.0,,1420503.0,4.0,,,1420503.0,, ,
2023-01-05,,1216,統一,1013,1142,40.0,38.0,138.0,9.0,,1420503.0,4.0,2.0,,1420503.0,, ,
2023-01-06,,1216,統一,1142,1067,38.0,41.0,74.0,149.0,,1420503.0,,3.0,,1420503.0,, ,
2023-01-10,,1216,統一,1029,1049,45.0,47.0,28.0,8.0,,1420503.0,,2.0,,1420503.0,, ,
2023-01-11,,1216,統一,1049,1040,47.0,46.0,7.0,16.0,,1420503.0,2.0,1.0,,1420503.0,, ,
2023-01-12,,1216,統一,1040,1025,46.0,49.0,11.0,26.0,,1420503.0,,3.0,,1420503.0,, ,
2023-01-14,,1216,統一,1025,1004,49.0,52.0,1.0,22.0,,1420503.0,,3.0,,1420503.0,, ,
2023-01-16,,1216,統一,1004,986,52.0,60.0,1.0,16.0,3.0,1420503.0,,8.0,,1420503.0,, ,
2023-01-18,,1216,統一,986,976,60.0,62.0,3.0,13.0,,1420503.0,,2.0,,1420503.0,, ,
2023-02-01,,1216,統一,944,969,38.0,28.0,37.0,11.0,1.0,1420503.0,10.0,,,1420503.0,, ,
2023-02-02,,1216,統一,944,969,38.0,28.0,37.0,11.0,1.0,1420503.0,10.0,,,1420503.0,, ,
2023-02-03,,1216,統一,960,1099,36.0,30.0,142.0,3.0,,1420503.0,7.0,1.0,,1420503.0,, ,
2023-02-04,,1216,統一,960,1099,36.0,30.0,142.0,3.0,,1420503.0,7.0,1.0,,1420503.0,, ,
2023-02-06,,1216,統一,1099,1103,30.0,29.0,16.0,11.0,1.0,1420503.0,2.0,1.0,,1420503.0,, ,
2023-02-07,,1216,統一,1103,1075,29.0,29.0,12.0,40.0,,1420503.0,2.0,2.0,,1420503.0,, ,
2023-02-08,,1216,統一,1075,1130,29.0,25.0,168.0,113.0,,1420503.0,4.0,,,1420503.0,1.0, ,
2023-02-09,,1216,統一,1130,1125,25.0,25.0,16.0,21.0,,1420503.0,,,,1420503.0,1.0, ,
2023-02-10,,1216,統一,1125,1109,25.0,22.0,6.0,22.0,,1420503.0,3.0,,,1420503.0,, ,
2023-02-11,,1216,統一,1125,1109,25.0,22.0,6.0,22.0,,1420503.0,3.0,,,1420503.0,, ,
2023-02-13,,1216,統一,1109,1092,22.0,21.0,5.0,22.0,,1420503.0,1.0,,,1420503.0,, ,
2023-02-14,,1216,統一,1092,1084,21.0,18.0,10.0,18.0,,1420503.0,1.0,,2.0,1420503.0,, ,
2023-02-15,,1216,統一,1084,1083,18.0,10.0,7.0,8.0,,1420503.0,8.0,,,1420503.0,, ,
2023-02-16,,1216,統一,1083,1027,10.0,9.0,13.0,69.0,,1420503.0,1.0,,,1420503.0,, ,
2023-02-17,,1216,統一,1027,1024,9.0,7.0,2.0,5.0,,1420503.0,2.0,,,1420503.0,, ,
2023-02-18,,1216,統一,1027,1024,9.0,7.0,2.0,5.0,,1420503.0,2.0,,,1420503.0,, ,
2023-02-20,,1216,統一,1024,1029,7.0,6.0,7.0,2.0,,1420503.0,1.0,,,1420503.0,, ,
2023-02-21,,1216,統一,1029,1027,6.0,6.0,5.0,7.0,,1420503.0,,,,1420503.0,, ,
2023-02-22,,1216,統一,1027,1018,6.0,5.0,1.0,9.0,1.0,1420503.0,1.0,,,1420503.0,, ,
2023-02-23,,1216,統一,1018,1007,5.0,14.0,16.0,27.0,,1420503.0,,11.0,2.0,1420503.0,, ,
2023-02-24,,1216,統一,1007,1019,14.0,14.0,27.0,15.0,,1420503.0,,,,1420503.0,, ,
2023-02-25,,1216,統一,1007,1019,14.0,14.0,27.0,15.0,,1420503.0,,,,1420503.0,, ,
2023-02-27,,1216,統一,1007,1019,14.0,14.0,27.0,15.0,,1420503.0,,,,1420503.0,, ,
2023-02-28,,1216,統一,1007,1019,14.0,14.0,27.0,15.0,,1420503.0,,,,1420503.0,, ,
2023-03-01,,1216,統一,1019,1051,14.0,14.0,48.0,16.0,,1420503.0,,,,1420503.0,, ,
2023-03-02,,1216,統一,1051,1066,14.0,20.0,80.0,65.0,,1420503.0,2.0,8.0,,1420503.0,, ,
2023-03-03,,1216,統一,1066,1009,20.0,24.0,53.0,110.0,,1420503.0,1.0,5.0,,1420503.0,, ,
2023-03-04,,1216,統一,1066,1009,20.0,24.0,53.0,110.0,,1420503.0,1.0,5.0,,1420503.0,, ,
2023-03-06,,1216,統一,1009,897,24.0,31.0,98.0,210.0,,1420503.0,,7.0,,1420503.0,1.0, ,
2023-03-07,,1216,統一,897,795,31.0,32.0,1.0,103.0,,1420503.0,,1.0,,1420503.0,, ,
2023-03-08,,1216,統一,795,774,32.0,27.0,4.0,25.0,,1420503.0,8.0,3.0,,1420503.0,, ,
2023-03-09,,1216,統一,774,775,27.0,26.0,8.0,7.0,,1420503.0,1.0,,,1420503.0,, ,
2023-03-10,,1216,統一,775,777,26.0,22.0,4.0,2.0,,1420503.0,4.0,,,1420503.0,, ,
2023-03-11,,1216,統一,775,777,26.0,22.0,4.0,2.0,,1420503.0,4.0,,,1420503.0,, ,
2023-03-13,,1216,統一,777,796,22.0,21.0,24.0,5.0,,1420503.0,1.0,,,1420503.0,, ,
2023-03-14,,1216,統一,796,774,21.0,12.0,1.0,23.0,,1420503.0,7.0,2.0,4.0,1420503.0,, ,
2023-03-15,,1216,統一,774,764,12.0,11.0,2.0,12.0,,1420503.0,,1.0,2.0,1420503.0,, ,
2023-03-16,,1216,統一,764,763,11.0,12.0,2.0,3.0,,1420503.0,,1.0,,1420503.0,, ,
2023-03-17,,1216,統一,763,777,12.0,12.0,17.0,3.0,,1420503.0,,,,1420503.0,, ,
2023-03-18,,1216,統一,763,777,12.0,12.0,17.0,3.0,,1420503.0,,,,1420503.0,, ,
2023-03-20,,1216,統一,777,801,12.0,13.0,29.0,5.0,,1420503.0,,3.0,2.0,1420503.0,, ,
2023-03-21,,1216,統一,801,786,13.0,15.0,2.0,17.0,,1420503.0,1.0,3.0,,1420503.0,, ,
2023-03-22,,1216,統一,786,781,15.0,15.0,1.0,6.0,,1420503.0,,,,1420503.0,, ,
2023-03-23,,1216,統一,781,783,15.0,15.0,10.0,6.0,2.0,1420503.0,,,,1420503.0,, ,
2023-03-24,,1216,統一,783,781,15.0,18.0,8.0,10.0,,1420503.0,,3.0,,1420503.0,1.0, ,
2023-03-25,,1216,統一,783,781,15.0,18.0,8.0,10.0,,1420503.0,,3.0,,1420503.0,1.0, ,
2023-03-27,,1216,統一,781,814,18.0,15.0,55.0,22.0,,1420503.0,4.0,1.0,,1420503.0,, ,
2023-03-28,,1216,統一,814,950,15.0,16.0,158.0,22.0,,1420503.0,,1.0,,1420503.0,, ,
2023-03-29,,1216,統一,950,906,16.0,18.0,7.0,51.0,,1420503.0,,2.0,,1420503.0,, ,
2023-03-30,,1216,統一,906,849,18.0,16.0,507.0,564.0,,1420503.0,,,2.0,1420503.0,, ,
2023-03-31,,1216,統一,849,838,16.0,18.0,11.0,22.0,,1420503.0,,2.0,,1420503.0,, ,
2023-04-01,,1216,統一,849,838,16.0,18.0,11.0,22.0,,1420503.0,,2.0,,1420503.0,, ,
2023-04-03,,1216,統一,849,838,16.0,18.0,11.0,22.0,,1420503.0,,2.0,,1420503.0,, ,
2023-04-04,,1216,統一,849,838,16.0,18.0,11.0,22.0,,1420503.0,,2.0,,1420503.0,, ,
2023-04-05,,1216,統一,849,838,16.0,18.0,11.0,22.0,,1420503.0,,2.0,,1420503.0,, ,
2023-04-06,,1216,統一,838,834,18.0,21.0,10.0,14.0,,1420503.0,1.0,4.0,,1420503.0,, ,
2023-04-07,,1216,統一,834,820,21.0,20.0,3.0,15.0,2.0,1420503.0,1.0,,,1420503.0,, ,
2023-04-08,,1216,統一,834,820,21.0,20.0,3.0,15.0,2.0,1420503.0,1.0,,,1420503.0,, ,
2023-04-10,,1216,統一,820,824,20.0,18.0,10.0,6.0,,1420503.0,,,2.0,1420503.0,, ,
2023-04-11,,1216,統一,824,796,18.0,19.0,6.0,33.0,1.0,1420503.0,1.0,2.0,,1420503.0,, ,
2023-04-12,,1216,統一,796,786,19.0,18.0,3.0,13.0,,1420503.0,1.0,,,1420503.0,, ,
2023-04-13,,1216,統一,786,780,18.0,22.0,3.0,9.0,,1420503.0,,4.0,,1420503.0,, ,
2023-04-14,,1216,統一,780,787,22.0,17.0,8.0,1.0,,1420503.0,5.0,,,1420503.0,, ,
2023-04-15,,1216,統一,780,787,22.0,17.0,8.0,1.0,,1420503.0,5.0,,,1420503.0,, ,
2023-04-17,,1216,統一,787,789,17.0,17.0,6.0,4.0,,1420503.0,,,,1420503.0,, ,
2023-04-18,,1216,統一,789,782,17.0,14.0,7.0,14.0,,1420503.0,3.0,,,1420503.0,, ,
2023-04-19,,1216,統一,782,757,14.0,15.0,6.0,31.0,,1420503.0,1.0,2.0,,1420503.0,, ,
2023-04-20,,1216,統一,757,758,15.0,12.0,3.0,2.0,,1420503.0,5.0,2.0,,1420503.0,,X ,
2023-04-21,,1216,統一,758,756,12.0,,2.0,4.0,,1420503.0,12.0,,,1420503.0,,X ,
2023-04-22,,1216,統一,758,756,12.0,,2.0,4.0,,1420503.0,12.0,,,1420503.0,,X ,
2023-04-24,,1216,統一,756,755,,,,1.0,,1420503.0,,,,1420503.0,,X ,
2023-04-25,,1216,統一,755,750,,,5.0,10.0,,1420503.0,,,,1420503.0,,X ,
2023-04-26,,1216,統一,750,780,,,40.0,10.0,,1420503.0,,,,1420503.0,, ,
2023-04-27,,1216,統一,780,810,,,35.0,5.0,,1420503.0,,,,1420503.0,, ,
2023-04-28,,1216,統一,810,817,,2.0,13.0,6.0,,1420503.0,,2.0,,1420503.0,, ,
2023-04-29,,1216,統一,810,817,,2.0,13.0,6.0,,1420503.0,,2.0,,1420503.0,, ,
2023-05-01,,1216,統一,810,817,,2.0,13.0,6.0,,1420503.0,,2.0,,1420503.0,, ,
2023-05-02,,1216,統一,817,811,2.0,4.0,6.0,11.0,1.0,1420503.0,,2.0,,1420503.0,, ,
2023-05-03,,1216,統一,811,799,4.0,4.0,1.0,13.0,,1420503.0,,,,1420503.0,, ,
2023-05-04,,1216,統一,799,777,4.0,5.0,25.0,47.0,,1420503.0,,1.0,,1420503.0,, ,
2023-05-05,,1216,統一,777,790,5.0,6.0,16.0,3.0,,1420503.0,,1.0,,1420503.0,, ,
2023-05-06,,1216,統一,777,790,5.0,6.0,16.0,3.0,,1420503.0,,1.0,,1420503.0,, ,
2023-05-08,,1216,統一,790,817,6.0,7.0,28.0,1.0,,1420503.0,,1.0,,1420503.0,, ,
2023-05-09,,1216,統一,817,803,7.0,6.0,9.0,23.0,,1420503.0,1.0,,,1420503.0,, ,
2023-05-10,,1216,統一,803,803,6.0,7.0,13.0,13.0,,1420503.0,,1.0,,1420503.0,, ,
2023-05-11,,1216,統一,803,821,7.0,7.0,44.0,26.0,,1420503.0,,,,1420503.0,, ,
2023-05-12,,1216,統一,821,839,7.0,8.0,22.0,4.0,,1420503.0,,1.0,,1420503.0,, ,
2023-05-13,,1216,統一,821,839,7.0,8.0,22.0,4.0,,1420503.0,,1.0,,1420503.0,, ,
2023-05-15,,1216,統一,839,831,8.0,8.0,4.0,12.0,,1420503.0,,,,1420503.0,, ,
2023-05-16,,1216,統一,831,836,8.0,9.0,11.0,6.0,,1420503.0,,1.0,,1420503.0,, ,
2023-05-17,,1216,統一,836,810,9.0,124.0,11.0,37.0,,1420503.0,,115.0,,1420503.0,, ,
2023-05-18,,1216,統一,810,821,124.0,123.0,15.0,4.0,,1420503.0,6.0,5.0,,1420503.0,, ,
2023-05-19,,1216,統一,821,808,123.0,122.0,8.0,21.0,,1420503.0,1.0,,,1420503.0,, ,
2023-05-20,,1216,統一,821,808,123.0,122.0,8.0,21.0,,1420503.0,1.0,,,1420503.0,, ,
2023-05-22,,1216,統一,808,778,122.0,121.0,,30.0,,1420503.0,2.0,1.0,,1420503.0,, ,
2023-05-23,,1216,統一,778,774,121.0,121.0,2.0,6.0,,1420503.0,,,,1420503.0,, ,
2023-05-24,,1216,統一,774,772,121.0,120.0,12.0,14.0,,1420503.0,1.0,,,1420503.0,, ,
2023-05-25,,1216,統一,772,787,120.0,122.0,16.0,1.0,,1420503.0,1.0,3.0,,1420503.0,, ,
2023-05-26,,1216,統一,787,764,122.0,11.0,3.0,26.0,,1420503.0,111.0,,,1420503.0,, ,
2023-05-27,,1216,統一,787,764,122.0,11.0,3.0,26.0,,1420503.0,111.0,,,1420503.0,, ,
2023-05-29,,1216,統一,764,764,11.0,11.0,3.0,3.0,,1420503.0,,,,1420503.0,, ,
2023-05-30,,1216,統一,764,511,11.0,10.0,7.0,260.0,,1420503.0,1.0,,,1420503.0,, ,
2023-05-31,,1216,統一,511,503,10.0,11.0,5.0,13.0,,1420503.0,,1.0,,1420503.0,, ,
2023-06-01,,1216,統一,503,510,11.0,11.0,11.0,4.0,,1420503.0,,,,1420503.0,, ,
2023-06-02,,1216,統一,510,522,11.0,117.0,15.0,3.0,,1420503.0,1.0,107.0,,1420503.0,, ,
2023-06-03,,1216,統一,510,522,11.0,117.0,15.0,3.0,,1420503.0,1.0,107.0,,1420503.0,, ,
2023-06-05,,1216,統一,522,413,117.0,117.0,4.0,113.0,,1420503.0,,,,1420503.0,, ,
2023-06-06,,1216,統一,413,419,117.0,117.0,10.0,4.0,,1420503.0,,,,1420503.0,, ,
2023-06-07,,1216,統一,419,428,117.0,133.0,12.0,3.0,,1420503.0,,16.0,,1420503.0,, ,
2023-06-08,,1216,統一,428,424,133.0,150.0,2.0,6.0,,1420503.0,,17.0,,1420503.0,, ,
2023-06-09,,1216,統一,428,424,133,150,2,6,,1420503,,17,,1420503,, ,
