﻿,index,股票代號,股票名稱,融資前日餘額,融資今日餘額,融券前日餘額,融券今日餘額,融資買進,融資賣出,融資現金償還,融資限額,融券買進,融券賣出,融券現券償還,融券限額,資券互抵,註記,filter
2022-12-08,170.0,1301,台塑,2511,2206,177.0,218.0,,,,,,,,,,,False
2022-12-12,,1301,台塑,2410,2231,190.0,199.0,4.0,183.0,,1591435.0,1.0,10.0,,1591435.0,, ,False
2022-12-13,,1301,台塑,2443,2424,184.0,155.0,17.0,36.0,,1591435.0,30.0,1.0,,1591435.0,, ,False
2022-12-14,,1301,台塑,2424,2266,155.0,161.0,49.0,207.0,,1591435.0,,6.0,,1591435.0,, ,False
2022-12-15,,1301,台塑,2266,2274,161.0,186.0,110.0,62.0,40.0,1591435.0,3.0,28.0,,1591435.0,1.0, ,False
2022-12-18,,1301,台塑,2274,2369,186.0,168.0,175.0,80.0,,1591435.0,18.0,,,1591435.0,2.0, ,False
2022-12-19,,1301,台塑,2369,2397,168.0,164.0,64.0,36.0,,1591435.0,15.0,11.0,,1591435.0,1.0, ,False
2022-12-20,,1301,台塑,2397,2335,164.0,165.0,58.0,120.0,,1591435.0,3.0,4.0,,1591435.0,, ,False
2022-12-21,,1301,台塑,2335,2346,165.0,168.0,37.0,26.0,,1591435.0,2.0,5.0,,1591435.0,, ,False
2022-12-23,,1301,台塑,2356,2407,176.0,171.0,60.0,9.0,,1591435.0,14.0,9.0,,1591435.0,1.0, ,False
2022-12-26,,1301,台塑,2407,2374,171.0,173.0,27.0,60.0,,1591435.0,,2.0,,1591435.0,, ,False
2022-12-27,,1301,台塑,2374,2370,173.0,178.0,21.0,25.0,,1591435.0,1.0,6.0,,1591435.0,, ,False
2022-12-28,,1301,台塑,2370,2384,178.0,179.0,23.0,9.0,,1591435.0,6.0,7.0,,1591435.0,, ,False
2022-12-29,,1301,台塑,2384,2400,179.0,178.0,49.0,20.0,13.0,1591435.0,1.0,,,1591435.0,, ,False
2022-12-30,,1301,台塑,2400,2349,178.0,186.0,7.0,58.0,,1591435.0,,8.0,,1591435.0,, ,False
2023-01-03,,1301,台塑,2349,2314,186.0,181.0,9.0,44.0,,1591435.0,10.0,5.0,,1591435.0,1.0, ,
2023-01-04,,1301,台塑,2314,2325,181.0,180.0,15.0,4.0,,1591435.0,2.0,1.0,,1591435.0,, ,
2023-01-05,,1301,台塑,2325,2317,180.0,204.0,29.0,35.0,2.0,1591435.0,,24.0,,1591435.0,, ,
2023-01-06,,1301,台塑,2317,2305,204.0,209.0,18.0,30.0,,1591435.0,1.0,6.0,,1591435.0,, ,
2023-01-10,,1301,台塑,2219,2179,212.0,212.0,7.0,44.0,3.0,1591435.0,1.0,1.0,,1591435.0,, ,
2023-01-11,,1301,台塑,2179,2162,212.0,203.0,35.0,52.0,,1591435.0,9.0,,,1591435.0,, ,
2023-01-12,,1301,台塑,2162,2159,203.0,205.0,5.0,8.0,,1591435.0,1.0,3.0,,1591435.0,, ,
2023-01-14,,1301,台塑,2159,2167,205.0,205.0,27.0,19.0,,1591435.0,,1.0,1.0,1591435.0,, ,
2023-01-16,,1301,台塑,2167,2148,205.0,197.0,16.0,35.0,,1591435.0,9.0,1.0,,1591435.0,, ,
2023-01-18,,1301,台塑,2148,2044,197.0,198.0,5.0,109.0,,1591435.0,,1.0,,1591435.0,, ,
2023-02-01,,1301,台塑,1950,2000,225.0,188.0,52.0,1.0,1.0,1591435.0,37.0,,,1591435.0,, ,
2023-02-02,,1301,台塑,1950,2000,225.0,188.0,52.0,1.0,1.0,1591435.0,37.0,,,1591435.0,, ,
2023-02-03,,1301,台塑,2039,2047,181.0,176.0,26.0,18.0,,1591435.0,5.0,,,1591435.0,, ,
2023-02-04,,1301,台塑,2039,2047,181.0,176.0,26.0,18.0,,1591435.0,5.0,,,1591435.0,, ,
2023-02-06,,1301,台塑,2047,2060,176.0,176.0,40.0,24.0,3.0,1591435.0,,,,1591435.0,, ,
2023-02-07,,1301,台塑,2060,2059,176.0,176.0,21.0,22.0,,1591435.0,,,,1591435.0,, ,
2023-02-08,,1301,台塑,2059,2228,176.0,176.0,214.0,45.0,,1591435.0,,,,1591435.0,, ,
2023-02-09,,1301,台塑,2228,2254,176.0,179.0,76.0,50.0,,1591435.0,,3.0,,1591435.0,, ,
2023-02-10,,1301,台塑,2254,2241,179.0,174.0,11.0,22.0,2.0,1591435.0,3.0,,2.0,1591435.0,1.0, ,
2023-02-11,,1301,台塑,2254,2241,179.0,174.0,11.0,22.0,2.0,1591435.0,3.0,,2.0,1591435.0,1.0, ,
2023-02-13,,1301,台塑,2241,2241,174.0,175.0,3.0,3.0,,1591435.0,,1.0,,1591435.0,, ,
2023-02-14,,1301,台塑,2241,2226,175.0,184.0,65.0,80.0,,1591435.0,,9.0,,1591435.0,, ,
2023-02-15,,1301,台塑,2226,2258,184.0,161.0,54.0,22.0,,1591435.0,23.0,,,1591435.0,, ,
2023-02-16,,1301,台塑,2258,2220,161.0,159.0,8.0,46.0,,1591435.0,3.0,1.0,,1591435.0,, ,
2023-02-17,,1301,台塑,2220,2200,159.0,159.0,2.0,22.0,,1591435.0,,,,1591435.0,, ,
2023-02-18,,1301,台塑,2220,2200,159.0,159.0,2.0,22.0,,1591435.0,,,,1591435.0,, ,
2023-02-20,,1301,台塑,2200,2163,159.0,158.0,24.0,61.0,,1591435.0,6.0,5.0,,1591435.0,, ,
2023-02-21,,1301,台塑,2163,2048,158.0,150.0,4.0,119.0,,1591435.0,9.0,1.0,,1591435.0,, ,
2023-02-22,,1301,台塑,2048,2096,150.0,106.0,85.0,37.0,,1591435.0,46.0,2.0,,1591435.0,, ,
2023-02-23,,1301,台塑,2096,2064,106.0,106.0,16.0,46.0,2.0,1591435.0,,,,1591435.0,, ,
2023-02-24,,1301,台塑,2064,2028,106.0,105.0,40.0,75.0,1.0,1591435.0,3.0,2.0,,1591435.0,, ,
2023-02-25,,1301,台塑,2064,2028,106.0,105.0,40.0,75.0,1.0,1591435.0,3.0,2.0,,1591435.0,, ,
2023-02-27,,1301,台塑,2064,2028,106.0,105.0,40.0,75.0,1.0,1591435.0,3.0,2.0,,1591435.0,, ,
2023-02-28,,1301,台塑,2064,2028,106.0,105.0,40.0,75.0,1.0,1591435.0,3.0,2.0,,1591435.0,, ,
2023-03-01,,1301,台塑,2028,2047,105.0,99.0,28.0,9.0,,1591435.0,7.0,1.0,,1591435.0,, ,
2023-03-02,,1301,台塑,2047,1976,99.0,99.0,25.0,96.0,,1591435.0,,,,1591435.0,, ,
2023-03-03,,1301,台塑,1976,1909,99.0,99.0,10.0,77.0,,1591435.0,,,,1591435.0,, ,
2023-03-04,,1301,台塑,1976,1909,99.0,99.0,10.0,77.0,,1591435.0,,,,1591435.0,, ,
2023-03-06,,1301,台塑,1909,1765,99.0,102.0,15.0,159.0,,1591435.0,,3.0,,1591435.0,, ,
2023-03-07,,1301,台塑,1765,1757,102.0,101.0,15.0,23.0,,1591435.0,1.0,,,1591435.0,, ,
2023-03-08,,1301,台塑,1757,1689,101.0,102.0,9.0,71.0,6.0,1591435.0,,1.0,,1591435.0,, ,
2023-03-09,,1301,台塑,1689,1723,102.0,99.0,35.0,,1.0,1591435.0,3.0,,,1591435.0,, ,
2023-03-10,,1301,台塑,1723,1766,99.0,97.0,49.0,6.0,,1591435.0,2.0,,,1591435.0,, ,
2023-03-11,,1301,台塑,1723,1766,99.0,97.0,49.0,6.0,,1591435.0,2.0,,,1591435.0,, ,
2023-03-13,,1301,台塑,1766,1714,97.0,110.0,5.0,57.0,,1591435.0,13.0,26.0,,1591435.0,, ,
2023-03-14,,1301,台塑,1714,1724,110.0,84.0,11.0,1.0,,1591435.0,26.0,,,1591435.0,, ,
2023-03-15,,1301,台塑,1724,1732,84.0,83.0,14.0,6.0,,1591435.0,2.0,1.0,,1591435.0,, ,
2023-03-16,,1301,台塑,1732,1727,83.0,86.0,18.0,23.0,,1591435.0,,3.0,,1591435.0,, ,
2023-03-17,,1301,台塑,1727,1795,86.0,95.0,103.0,35.0,,1591435.0,2.0,11.0,,1591435.0,, ,
2023-03-18,,1301,台塑,1727,1795,86.0,95.0,103.0,35.0,,1591435.0,2.0,11.0,,1591435.0,, ,
2023-03-20,,1301,台塑,1795,1788,95.0,78.0,4.0,8.0,3.0,1591435.0,18.0,1.0,,1591435.0,, ,
2023-03-21,,1301,台塑,1788,2066,78.0,47.0,289.0,11.0,,1591435.0,31.0,,,1591435.0,, ,
2023-03-22,,1301,台塑,2066,1870,47.0,46.0,6.0,202.0,,1591435.0,1.0,,,1591435.0,, ,
2023-03-23,,1301,台塑,1870,2059,46.0,44.0,201.0,12.0,,1591435.0,3.0,1.0,,1591435.0,,X ,
2023-03-24,,1301,台塑,2059,1817,44.0,,31.0,264.0,9.0,1591435.0,30.0,,14.0,1591435.0,,X ,
2023-03-25,,1301,台塑,2059,1817,44.0,,31.0,264.0,9.0,1591435.0,30.0,,14.0,1591435.0,,X ,
2023-03-27,,1301,台塑,1817,1838,,,54.0,33.0,,1591435.0,,,,1591435.0,,X ,
2023-03-28,,1301,台塑,1838,1835,,,47.0,50.0,,1591435.0,,,,1591435.0,,X ,
2023-03-29,,1301,台塑,1835,1907,,,107.0,35.0,,1591435.0,,,,1591435.0,, ,
2023-03-30,,1301,台塑,1907,1864,,2.0,3.0,29.0,17.0,1591435.0,,2.0,,1591435.0,, ,
2023-03-31,,1301,台塑,1864,1845,2.0,1.0,8.0,27.0,,1591435.0,1.0,,,1591435.0,16.0, ,
2023-04-01,,1301,台塑,1864,1845,2.0,1.0,8.0,27.0,,1591435.0,1.0,,,1591435.0,16.0, ,
2023-04-03,,1301,台塑,1864,1845,2.0,1.0,8.0,27.0,,1591435.0,1.0,,,1591435.0,16.0, ,
2023-04-04,,1301,台塑,1864,1845,2.0,1.0,8.0,27.0,,1591435.0,1.0,,,1591435.0,16.0, ,
2023-04-05,,1301,台塑,1864,1845,2.0,1.0,8.0,27.0,,1591435.0,1.0,,,1591435.0,16.0, ,
2023-04-06,,1301,台塑,1845,1931,1.0,19.0,93.0,2.0,5.0,1591435.0,,18.0,,1591435.0,, ,
2023-04-07,,1301,台塑,1931,1966,19.0,18.0,39.0,4.0,,1591435.0,1.0,,,1591435.0,, ,
2023-04-08,,1301,台塑,1931,1966,19.0,18.0,39.0,4.0,,1591435.0,1.0,,,1591435.0,, ,
2023-04-10,,1301,台塑,1966,2041,18.0,27.0,108.0,33.0,,1591435.0,,9.0,,1591435.0,3.0, ,
2023-04-11,,1301,台塑,2041,1992,27.0,41.0,31.0,80.0,,1591435.0,1.0,15.0,,1591435.0,, ,
2023-04-12,,1301,台塑,1992,1995,41.0,48.0,25.0,21.0,1.0,1591435.0,,7.0,,1591435.0,, ,
2023-04-13,,1301,台塑,1995,1986,48.0,61.0,29.0,38.0,,1591435.0,7.0,20.0,,1591435.0,, ,
2023-04-14,,1301,台塑,1986,1987,61.0,55.0,17.0,16.0,,1591435.0,10.0,4.0,,1591435.0,, ,
2023-04-15,,1301,台塑,1986,1987,61.0,55.0,17.0,16.0,,1591435.0,10.0,4.0,,1591435.0,, ,
2023-04-17,,1301,台塑,1987,1945,55.0,75.0,39.0,81.0,,1591435.0,,20.0,,1591435.0,, ,
2023-04-18,,1301,台塑,1945,1970,75.0,66.0,39.0,12.0,2.0,1591435.0,9.0,,,1591435.0,, ,
2023-04-19,,1301,台塑,1970,1934,66.0,28.0,20.0,56.0,,1591435.0,38.0,,,1591435.0,, ,
2023-04-20,,1301,台塑,1934,1933,28.0,7.0,16.0,17.0,,1591435.0,21.0,,,1591435.0,, ,
2023-04-21,,1301,台塑,1933,1902,7.0,8.0,18.0,49.0,,1591435.0,,1.0,,1591435.0,, ,
2023-04-22,,1301,台塑,1933,1902,7.0,8.0,18.0,49.0,,1591435.0,,1.0,,1591435.0,, ,
2023-04-24,,1301,台塑,1902,1822,8.0,9.0,14.0,94.0,,1591435.0,,1.0,,1591435.0,, ,
2023-04-25,,1301,台塑,1822,1743,9.0,7.0,13.0,92.0,,1591435.0,2.0,,,1591435.0,2.0, ,
2023-04-26,,1301,台塑,1743,1737,7.0,20.0,9.0,15.0,,1591435.0,,13.0,,1591435.0,, ,
2023-04-27,,1301,台塑,1737,1734,20.0,22.0,12.0,15.0,,1591435.0,2.0,4.0,,1591435.0,, ,
2023-04-28,,1301,台塑,1734,1652,22.0,26.0,18.0,100.0,,1591435.0,,4.0,,1591435.0,1.0, ,
2023-04-29,,1301,台塑,1734,1652,22.0,26.0,18.0,100.0,,1591435.0,,4.0,,1591435.0,1.0, ,
2023-05-01,,1301,台塑,1734,1652,22.0,26.0,18.0,100.0,,1591435.0,,4.0,,1591435.0,1.0, ,
2023-05-02,,1301,台塑,1652,1654,26.0,26.0,33.0,31.0,,1591435.0,,,,1591435.0,, ,
2023-05-03,,1301,台塑,1654,1633,26.0,28.0,1.0,22.0,,1591435.0,,2.0,,1591435.0,, ,
2023-05-04,,1301,台塑,1633,1634,28.0,27.0,1.0,,,1591435.0,1.0,,,1591435.0,, ,
2023-05-05,,1301,台塑,1634,1626,27.0,28.0,2.0,10.0,,1591435.0,,1.0,,1591435.0,, ,
2023-05-06,,1301,台塑,1634,1626,27.0,28.0,2.0,10.0,,1591435.0,,1.0,,1591435.0,, ,
2023-05-08,,1301,台塑,1626,1631,28.0,28.0,7.0,2.0,,1591435.0,,,,1591435.0,, ,
2023-05-09,,1301,台塑,1631,1609,28.0,28.0,,22.0,,1591435.0,,,,1591435.0,, ,
2023-05-10,,1301,台塑,1609,1616,28.0,32.0,7.0,,,1591435.0,4.0,8.0,,1591435.0,, ,
2023-05-11,,1301,台塑,1616,1622,32.0,24.0,24.0,18.0,,1591435.0,8.0,,,1591435.0,, ,
2023-05-12,,1301,台塑,1622,1590,24.0,16.0,32.0,64.0,,1591435.0,13.0,5.0,,1591435.0,5.0, ,
2023-05-13,,1301,台塑,1622,1590,24.0,16.0,32.0,64.0,,1591435.0,13.0,5.0,,1591435.0,5.0, ,
2023-05-15,,1301,台塑,1590,1568,16.0,20.0,4.0,26.0,,1591435.0,1.0,5.0,,1591435.0,, ,
2023-05-16,,1301,台塑,1568,1565,20.0,20.0,2.0,5.0,,1591435.0,,,,1591435.0,, ,
2023-05-17,,1301,台塑,1565,1535,20.0,27.0,4.0,34.0,,1591435.0,4.0,11.0,,1591435.0,, ,
2023-05-18,,1301,台塑,1535,1535,27.0,23.0,5.0,5.0,,1591435.0,4.0,,,1591435.0,, ,
2023-05-19,,1301,台塑,1535,1514,23.0,21.0,9.0,30.0,,1591435.0,3.0,1.0,,1591435.0,, ,
2023-05-20,,1301,台塑,1535,1514,23.0,21.0,9.0,30.0,,1591435.0,3.0,1.0,,1591435.0,, ,
2023-05-22,,1301,台塑,1514,1510,21.0,19.0,31.0,35.0,,1591435.0,2.0,,,1591435.0,, ,
2023-05-23,,1301,台塑,1510,1507,19.0,24.0,,3.0,,1591435.0,2.0,7.0,,1591435.0,, ,
2023-05-24,,1301,台塑,1507,1491,24.0,26.0,12.0,28.0,,1591435.0,,2.0,,1591435.0,, ,
2023-05-25,,1301,台塑,1491,1489,26.0,24.0,1.0,3.0,,1591435.0,2.0,,,1591435.0,, ,
2023-05-26,,1301,台塑,1489,1486,24.0,27.0,7.0,10.0,,1591435.0,,3.0,,1591435.0,, ,
2023-05-27,,1301,台塑,1489,1486,24.0,27.0,7.0,10.0,,1591435.0,,3.0,,1591435.0,, ,
2023-05-29,,1301,台塑,1486,1461,27.0,28.0,4.0,28.0,1.0,1591435.0,,1.0,,1591435.0,, ,
2023-05-30,,1301,台塑,1461,1460,28.0,27.0,8.0,6.0,3.0,1591435.0,1.0,,,1591435.0,, ,
2023-05-31,,1301,台塑,1460,1457,27.0,31.0,3.0,6.0,,1591435.0,,4.0,,1591435.0,, ,
2023-06-01,,1301,台塑,1457,1379,31.0,23.0,42.0,120.0,,1591435.0,8.0,,,1591435.0,, ,
2023-06-02,,1301,台塑,1379,1384,23.0,24.0,7.0,1.0,1.0,1591435.0,,1.0,,1591435.0,, ,
2023-06-03,,1301,台塑,1379,1384,23.0,24.0,7.0,1.0,1.0,1591435.0,,1.0,,1591435.0,, ,
2023-06-05,,1301,台塑,1384,1384,24.0,25.0,13.0,13.0,,1591435.0,1.0,2.0,,1591435.0,, ,
2023-06-06,,1301,台塑,1384,1391,25.0,28.0,17.0,10.0,,1591435.0,,3.0,,1591435.0,, ,
2023-06-07,,1301,台塑,1391,1400,28.0,40.0,22.0,13.0,,1591435.0,3.0,15.0,,1591435.0,, ,
2023-06-08,,1301,台塑,1400,1396,40.0,22.0,4.0,8.0,,1591435.0,18.0,,,1591435.0,, ,
2023-06-09,,1301,台塑,1400,1396,40,22,4,8,,1591435,18,,,1591435,, ,
