﻿,index,股票代號,股票名稱,融資前日餘額,融資今日餘額,融券前日餘額,融券今日餘額,融資買進,融資賣出,融資現金償還,融資限額,融券買進,融券賣出,融券現券償還,融券限額,資券互抵,註記,filter
2022-12-08,194.0,1402,遠東新,3531,3920,20.0,20.0,,,,,,,,,,,False
2022-12-12,,1402,遠東新,3890,3877,42.0,42.0,39.0,52.0,,1338218.0,,,,1338218.0,, ,False
2022-12-13,,1402,遠東新,3821,3901,43.0,45.0,193.0,113.0,,1338218.0,1.0,3.0,,1338218.0,, ,False
2022-12-14,,1402,遠東新,3901,3862,45.0,45.0,34.0,73.0,,1338218.0,,,,1338218.0,, ,False
2022-12-15,,1402,遠東新,3862,4196,45.0,46.0,466.0,132.0,,1338218.0,,1.0,,1338218.0,1.0, ,False
2022-12-18,,1402,遠東新,4196,4062,46.0,48.0,91.0,225.0,,1338218.0,,2.0,,1338218.0,4.0, ,False
2022-12-19,,1402,遠東新,4062,4288,48.0,18.0,383.0,157.0,,1338218.0,32.0,2.0,,1338218.0,, ,False
2022-12-20,,1402,遠東新,4288,4338,18.0,9.0,106.0,56.0,,1338218.0,9.0,,,1338218.0,, ,False
2022-12-21,,1402,遠東新,4338,4347,9.0,9.0,52.0,43.0,,1338218.0,1.0,1.0,,1338218.0,, ,False
2022-12-23,,1402,遠東新,4149,4492,579.0,133.0,376.0,33.0,,1338218.0,447.0,1.0,,1338218.0,1.0, ,False
2022-12-26,,1402,遠東新,4492,4448,133.0,136.0,13.0,57.0,,1338218.0,3.0,6.0,,1338218.0,, ,False
2022-12-27,,1402,遠東新,4448,4267,136.0,69.0,20.0,171.0,30.0,1338218.0,,3.0,70.0,1338218.0,, ,False
2022-12-28,,1402,遠東新,4267,4190,69.0,70.0,5.0,47.0,35.0,1338218.0,,1.0,,1338218.0,5.0, ,False
2022-12-29,,1402,遠東新,4190,4188,70.0,70.0,7.0,7.0,2.0,1338218.0,1.0,1.0,,1338218.0,, ,False
2022-12-30,,1402,遠東新,4188,4152,70.0,69.0,46.0,82.0,,1338218.0,1.0,,,1338218.0,, ,False
2023-01-03,,1402,遠東新,4152,4132,69.0,69.0,18.0,36.0,2.0,1338218.0,,,,1338218.0,1.0, ,
2023-01-04,,1402,遠東新,4132,4063,69.0,69.0,3.0,71.0,1.0,1338218.0,,,,1338218.0,, ,
2023-01-05,,1402,遠東新,4063,4058,69.0,69.0,30.0,34.0,1.0,1338218.0,,,,1338218.0,, ,
2023-01-06,,1402,遠東新,4058,4043,69.0,61.0,9.0,24.0,,1338218.0,8.0,,,1338218.0,, ,
2023-01-10,,1402,遠東新,4013,4040,62.0,61.0,34.0,7.0,,1338218.0,1.0,,,1338218.0,, ,
2023-01-11,,1402,遠東新,4040,3921,61.0,62.0,,118.0,1.0,1338218.0,,1.0,,1338218.0,, ,
2023-01-12,,1402,遠東新,3921,3900,62.0,62.0,12.0,33.0,,1338218.0,,,,1338218.0,, ,
2023-01-14,,1402,遠東新,3900,3882,62.0,61.0,15.0,31.0,2.0,1338218.0,1.0,,,1338218.0,, ,
2023-01-16,,1402,遠東新,3882,3731,61.0,60.0,18.0,169.0,,1338218.0,1.0,,,1338218.0,, ,
2023-01-18,,1402,遠東新,3731,3722,60.0,60.0,39.0,48.0,,1338218.0,,,,1338218.0,, ,
2023-02-01,,1402,遠東新,3429,3522,11.0,5.0,110.0,17.0,,1338218.0,8.0,2.0,,1338218.0,, ,
2023-02-02,,1402,遠東新,3429,3522,11.0,5.0,110.0,17.0,,1338218.0,8.0,2.0,,1338218.0,, ,
2023-02-03,,1402,遠東新,3577,3657,5.0,9.0,98.0,18.0,,1338218.0,,4.0,,1338218.0,, ,
2023-02-04,,1402,遠東新,3577,3657,5.0,9.0,98.0,18.0,,1338218.0,,4.0,,1338218.0,, ,
2023-02-06,,1402,遠東新,3657,3640,9.0,8.0,32.0,49.0,,1338218.0,1.0,,,1338218.0,, ,
2023-02-07,,1402,遠東新,3640,3643,8.0,8.0,8.0,5.0,,1338218.0,,,,1338218.0,, ,
2023-02-08,,1402,遠東新,3643,3675,8.0,8.0,45.0,13.0,,1338218.0,,,,1338218.0,, ,
2023-02-09,,1402,遠東新,3675,3754,8.0,9.0,117.0,38.0,,1338218.0,,1.0,,1338218.0,, ,
2023-02-10,,1402,遠東新,3754,3754,9.0,9.0,11.0,11.0,,1338218.0,,,,1338218.0,, ,
2023-02-11,,1402,遠東新,3754,3754,9.0,9.0,11.0,11.0,,1338218.0,,,,1338218.0,, ,
2023-02-13,,1402,遠東新,3754,3761,9.0,9.0,19.0,12.0,,1338218.0,,,,1338218.0,5.0, ,
2023-02-14,,1402,遠東新,3761,3794,9.0,9.0,38.0,5.0,,1338218.0,1.0,1.0,,1338218.0,, ,
2023-02-15,,1402,遠東新,3794,3802,9.0,8.0,40.0,32.0,,1338218.0,1.0,,,1338218.0,, ,
2023-02-16,,1402,遠東新,3802,3769,8.0,8.0,10.0,43.0,,1338218.0,1.0,1.0,,1338218.0,, ,
2023-02-17,,1402,遠東新,3769,3820,8.0,4.0,70.0,18.0,1.0,1338218.0,4.0,,,1338218.0,, ,
2023-02-18,,1402,遠東新,3769,3820,8.0,4.0,70.0,18.0,1.0,1338218.0,4.0,,,1338218.0,, ,
2023-02-20,,1402,遠東新,3820,3857,4.0,3.0,56.0,19.0,,1338218.0,1.0,,,1338218.0,, ,
2023-02-21,,1402,遠東新,3857,3861,3.0,10.0,7.0,3.0,,1338218.0,,7.0,,1338218.0,1.0, ,
2023-02-22,,1402,遠東新,3861,3862,10.0,9.0,18.0,17.0,,1338218.0,1.0,,,1338218.0,, ,
2023-02-23,,1402,遠東新,3862,3817,9.0,9.0,21.0,66.0,,1338218.0,,,,1338218.0,, ,
2023-02-24,,1402,遠東新,3817,3805,9.0,7.0,4.0,16.0,,1338218.0,2.0,,,1338218.0,, ,
2023-02-25,,1402,遠東新,3817,3805,9.0,7.0,4.0,16.0,,1338218.0,2.0,,,1338218.0,, ,
2023-02-27,,1402,遠東新,3817,3805,9.0,7.0,4.0,16.0,,1338218.0,2.0,,,1338218.0,, ,
2023-02-28,,1402,遠東新,3817,3805,9.0,7.0,4.0,16.0,,1338218.0,2.0,,,1338218.0,, ,
2023-03-01,,1402,遠東新,3805,3513,7.0,7.0,80.0,372.0,,1338218.0,,,,1338218.0,, ,
2023-03-02,,1402,遠東新,3513,3456,7.0,7.0,36.0,93.0,,1338218.0,,,,1338218.0,2.0, ,
2023-03-03,,1402,遠東新,3456,3547,7.0,5.0,126.0,35.0,,1338218.0,2.0,,,1338218.0,, ,
2023-03-04,,1402,遠東新,3456,3547,7.0,5.0,126.0,35.0,,1338218.0,2.0,,,1338218.0,, ,
2023-03-06,,1402,遠東新,3547,3511,5.0,4.0,61.0,97.0,,1338218.0,1.0,,,1338218.0,, ,
2023-03-07,,1402,遠東新,3511,3362,4.0,4.0,26.0,82.0,93.0,1338218.0,,,,1338218.0,, ,
2023-03-08,,1402,遠東新,3362,3328,4.0,4.0,20.0,54.0,,1338218.0,,,,1338218.0,, ,
2023-03-09,,1402,遠東新,3328,2902,4.0,8.0,344.0,766.0,4.0,1338218.0,,4.0,,1338218.0,, ,
2023-03-10,,1402,遠東新,2902,3039,8.0,11.0,167.0,30.0,,1338218.0,3.0,6.0,,1338218.0,, ,
2023-03-11,,1402,遠東新,2902,3039,8.0,11.0,167.0,30.0,,1338218.0,3.0,6.0,,1338218.0,, ,
2023-03-13,,1402,遠東新,3039,2937,11.0,4.0,10.0,103.0,9.0,1338218.0,7.0,,,1338218.0,1.0, ,
2023-03-14,,1402,遠東新,2937,3005,4.0,4.0,131.0,63.0,,1338218.0,,,,1338218.0,1.0, ,
2023-03-15,,1402,遠東新,3005,3074,4.0,4.0,107.0,38.0,,1338218.0,,,,1338218.0,, ,
2023-03-16,,1402,遠東新,3074,2974,4.0,6.0,19.0,119.0,,1338218.0,,2.0,,1338218.0,, ,
2023-03-17,,1402,遠東新,2974,3052,6.0,16.0,110.0,7.0,25.0,1338218.0,1.0,11.0,,1338218.0,, ,
2023-03-18,,1402,遠東新,2974,3052,6.0,16.0,110.0,7.0,25.0,1338218.0,1.0,11.0,,1338218.0,, ,
2023-03-20,,1402,遠東新,3052,3097,16.0,11.0,64.0,19.0,,1338218.0,5.0,,,1338218.0,, ,
2023-03-21,,1402,遠東新,3097,3532,11.0,7.0,651.0,191.0,25.0,1338218.0,4.0,,,1338218.0,, ,
2023-03-22,,1402,遠東新,3532,3609,7.0,7.0,92.0,15.0,,1338218.0,,,,1338218.0,, ,
2023-03-23,,1402,遠東新,3609,3447,7.0,10.0,72.0,183.0,51.0,1338218.0,,3.0,,1338218.0,, ,
2023-03-24,,1402,遠東新,3447,3418,10.0,8.0,36.0,56.0,9.0,1338218.0,2.0,,,1338218.0,, ,
2023-03-25,,1402,遠東新,3447,3418,10.0,8.0,36.0,56.0,9.0,1338218.0,2.0,,,1338218.0,, ,
2023-03-27,,1402,遠東新,3418,3427,8.0,8.0,55.0,46.0,,1338218.0,,,,1338218.0,, ,
2023-03-28,,1402,遠東新,3427,3422,8.0,9.0,19.0,24.0,,1338218.0,,1.0,,1338218.0,, ,
2023-03-29,,1402,遠東新,3422,3398,9.0,9.0,4.0,28.0,,1338218.0,,,,1338218.0,, ,
2023-03-30,,1402,遠東新,3398,3403,9.0,9.0,39.0,34.0,,1338218.0,,,,1338218.0,, ,
2023-03-31,,1402,遠東新,3403,3357,9.0,9.0,8.0,54.0,,1338218.0,,,,1338218.0,, ,
2023-04-01,,1402,遠東新,3403,3357,9.0,9.0,8.0,54.0,,1338218.0,,,,1338218.0,, ,
2023-04-03,,1402,遠東新,3403,3357,9.0,9.0,8.0,54.0,,1338218.0,,,,1338218.0,, ,
2023-04-04,,1402,遠東新,3403,3357,9.0,9.0,8.0,54.0,,1338218.0,,,,1338218.0,, ,
2023-04-05,,1402,遠東新,3403,3357,9.0,9.0,8.0,54.0,,1338218.0,,,,1338218.0,, ,
2023-04-06,,1402,遠東新,3357,3240,9.0,9.0,34.0,151.0,,1338218.0,,,,1338218.0,, ,
2023-04-07,,1402,遠東新,3240,3231,9.0,9.0,3.0,12.0,,1338218.0,,,,1338218.0,, ,
2023-04-08,,1402,遠東新,3240,3231,9.0,9.0,3.0,12.0,,1338218.0,,,,1338218.0,, ,
2023-04-10,,1402,遠東新,3231,3227,9.0,9.0,10.0,14.0,,1338218.0,,,,1338218.0,, ,
2023-04-11,,1402,遠東新,3227,3034,9.0,9.0,4.0,197.0,,1338218.0,,,,1338218.0,, ,
2023-04-12,,1402,遠東新,3034,2973,9.0,8.0,2.0,63.0,,1338218.0,1.0,,,1338218.0,, ,
2023-04-13,,1402,遠東新,2973,2896,8.0,8.0,,77.0,,1338218.0,,,,1338218.0,, ,
2023-04-14,,1402,遠東新,2896,3064,8.0,4.0,204.0,36.0,,1338218.0,4.0,,,1338218.0,, ,
2023-04-15,,1402,遠東新,2896,3064,8.0,4.0,204.0,36.0,,1338218.0,4.0,,,1338218.0,, ,
2023-04-17,,1402,遠東新,3064,2885,4.0,2.0,23.0,202.0,,1338218.0,2.0,,,1338218.0,, ,
2023-04-18,,1402,遠東新,2885,2857,2.0,2.0,4.0,32.0,,1338218.0,,,,1338218.0,, ,
2023-04-19,,1402,遠東新,2857,2819,2.0,2.0,144.0,182.0,,1338218.0,,,,1338218.0,, ,
2023-04-20,,1402,遠東新,2819,2752,2.0,2.0,67.0,134.0,,1338218.0,,,,1338218.0,,X ,
2023-04-21,,1402,遠東新,2752,2633,2.0,,15.0,134.0,,1338218.0,2.0,,,1338218.0,,X ,
2023-04-22,,1402,遠東新,2752,2633,2.0,,15.0,134.0,,1338218.0,2.0,,,1338218.0,,X ,
2023-04-24,,1402,遠東新,2633,2572,,,26.0,87.0,,1338218.0,,,,1338218.0,,X ,
2023-04-25,,1402,遠東新,2572,2558,,,,14.0,,1338218.0,,,,1338218.0,,X ,
2023-04-26,,1402,遠東新,2558,2563,,,8.0,3.0,,1338218.0,,,,1338218.0,, ,
2023-04-27,,1402,遠東新,2563,2733,,,182.0,12.0,,1338218.0,,,,1338218.0,, ,
2023-04-28,,1402,遠東新,2733,2750,,,41.0,24.0,,1338218.0,,,,1338218.0,7.0, ,
2023-04-29,,1402,遠東新,2733,2750,,,41.0,24.0,,1338218.0,,,,1338218.0,7.0, ,
2023-05-01,,1402,遠東新,2733,2750,,,41.0,24.0,,1338218.0,,,,1338218.0,7.0, ,
2023-05-02,,1402,遠東新,2750,2678,,,24.0,96.0,,1338218.0,,,,1338218.0,10.0, ,
2023-05-03,,1402,遠東新,2678,2655,,,2.0,25.0,,1338218.0,,,,1338218.0,, ,
2023-05-04,,1402,遠東新,2655,2643,,13.0,8.0,20.0,,1338218.0,,13.0,,1338218.0,, ,
2023-05-05,,1402,遠東新,2643,2480,13.0,13.0,12.0,175.0,,1338218.0,,,,1338218.0,, ,
2023-05-06,,1402,遠東新,2643,2480,13.0,13.0,12.0,175.0,,1338218.0,,,,1338218.0,, ,
2023-05-08,,1402,遠東新,2480,2378,13.0,2.0,3.0,93.0,12.0,1338218.0,,1.0,12.0,1338218.0,, ,
2023-05-09,,1402,遠東新,2378,2402,2.0,2.0,35.0,10.0,1.0,1338218.0,,,,1338218.0,, ,
2023-05-10,,1402,遠東新,2402,2426,2.0,2.0,56.0,32.0,,1338218.0,,,,1338218.0,, ,
2023-05-11,,1402,遠東新,2426,2240,2.0,1.0,46.0,232.0,,1338218.0,1.0,,,1338218.0,, ,
2023-05-12,,1402,遠東新,2240,2221,1.0,1.0,7.0,26.0,,1338218.0,,,,1338218.0,, ,
2023-05-13,,1402,遠東新,2240,2221,1.0,1.0,7.0,26.0,,1338218.0,,,,1338218.0,, ,
2023-05-15,,1402,遠東新,2221,2256,1.0,1.0,36.0,1.0,,1338218.0,,,,1338218.0,, ,
2023-05-16,,1402,遠東新,2256,2266,1.0,1.0,92.0,82.0,,1338218.0,,,,1338218.0,5.0, ,
2023-05-17,,1402,遠東新,2266,2258,1.0,1.0,1.0,9.0,,1338218.0,,,,1338218.0,, ,
2023-05-18,,1402,遠東新,2258,2262,1.0,1.0,14.0,6.0,4.0,1338218.0,,,,1338218.0,, ,
2023-05-19,,1402,遠東新,2262,2352,1.0,1.0,92.0,2.0,,1338218.0,,,,1338218.0,, ,
2023-05-20,,1402,遠東新,2262,2352,1.0,1.0,92.0,2.0,,1338218.0,,,,1338218.0,, ,
2023-05-22,,1402,遠東新,2352,2371,1.0,1.0,36.0,17.0,,1338218.0,,,,1338218.0,, ,
2023-05-23,,1402,遠東新,2371,2338,1.0,1.0,5.0,38.0,,1338218.0,,,,1338218.0,, ,
2023-05-24,,1402,遠東新,2338,2281,1.0,1.0,15.0,47.0,25.0,1338218.0,,,,1338218.0,, ,
2023-05-25,,1402,遠東新,2281,2224,1.0,2.0,16.0,73.0,,1338218.0,,1.0,,1338218.0,, ,
2023-05-26,,1402,遠東新,2224,2228,2.0,4.0,6.0,2.0,,1338218.0,,2.0,,1338218.0,, ,
2023-05-27,,1402,遠東新,2224,2228,2.0,4.0,6.0,2.0,,1338218.0,,2.0,,1338218.0,, ,
2023-05-29,,1402,遠東新,2228,2205,4.0,5.0,6.0,29.0,,1338218.0,,1.0,,1338218.0,, ,
2023-05-30,,1402,遠東新,2205,2225,5.0,5.0,28.0,8.0,,1338218.0,,,,1338218.0,, ,
2023-05-31,,1402,遠東新,2225,2166,5.0,5.0,17.0,76.0,,1338218.0,,,,1338218.0,, ,
2023-06-01,,1402,遠東新,2166,2226,5.0,5.0,84.0,24.0,,1338218.0,,,,1338218.0,, ,
2023-06-02,,1402,遠東新,2226,2224,5.0,5.0,2.0,4.0,,1338218.0,,,,1338218.0,, ,
2023-06-03,,1402,遠東新,2226,2224,5.0,5.0,2.0,4.0,,1338218.0,,,,1338218.0,, ,
2023-06-05,,1402,遠東新,2224,2218,5.0,5.0,31.0,37.0,,1338218.0,,,,1338218.0,, ,
2023-06-06,,1402,遠東新,2218,2085,5.0,5.0,143.0,273.0,3.0,1338218.0,,,,1338218.0,, ,
2023-06-07,,1402,遠東新,2085,2067,5.0,10.0,2.0,20.0,,1338218.0,,5.0,,1338218.0,, ,
2023-06-08,,1402,遠東新,2067,2043,10.0,10.0,12.0,36.0,,1338218.0,,,,1338218.0,, ,
2023-06-09,,1402,遠東新,2067,2043,10,10,12,36,,1338218,,,,1338218,, ,
