﻿,index,股票代號,股票名稱,融資前日餘額,融資今日餘額,融券前日餘額,融券今日餘額,融資買進,融資賣出,融資現金償還,融資限額,融券買進,融券賣出,融券現券償還,融券限額,資券互抵,註記,filter
2022-12-08,840.0,4958,臻鼎-KY,3927,3895,263.0,262.0,,,,,,,,,,,False
2022-12-12,,4958,臻鼎-KY,3202,2948,240.0,243.0,95.0,349.0,,236762.0,2.0,5.0,,236762.0,, ,False
2022-12-13,,4958,臻鼎-KY,2870,3034,238.0,226.0,288.0,122.0,2.0,236762.0,18.0,6.0,,236762.0,, ,False
2022-12-14,,4958,臻鼎-KY,3034,3332,226.0,236.0,538.0,240.0,,236762.0,3.0,13.0,,236762.0,2.0, ,False
2022-12-15,,4958,臻鼎-KY,3332,3160,236.0,230.0,47.0,219.0,,236762.0,6.0,,,236762.0,, ,False
2022-12-18,,4958,臻鼎-KY,3160,2921,230.0,231.0,81.0,319.0,1.0,236762.0,7.0,8.0,,236762.0,, ,False
2022-12-19,,4958,臻鼎-KY,2921,3079,231.0,216.0,187.0,29.0,,236762.0,16.0,1.0,,236762.0,, ,False
2022-12-20,,4958,臻鼎-KY,3079,2949,216.0,219.0,123.0,251.0,2.0,236762.0,9.0,12.0,,236762.0,, ,False
2022-12-21,,4958,臻鼎-KY,2949,3083,219.0,215.0,169.0,35.0,,236762.0,7.0,3.0,,236762.0,1.0, ,False
2022-12-23,,4958,臻鼎-KY,3136,3173,212.0,200.0,55.0,17.0,1.0,236762.0,12.0,,,236762.0,, ,False
2022-12-26,,4958,臻鼎-KY,3173,3195,200.0,187.0,53.0,31.0,,236762.0,13.0,,,236762.0,, ,False
2022-12-27,,4958,臻鼎-KY,3195,3215,187.0,183.0,43.0,13.0,10.0,236762.0,4.0,,,236762.0,7.0, ,False
2022-12-28,,4958,臻鼎-KY,3215,3251,183.0,172.0,89.0,46.0,7.0,236762.0,13.0,2.0,,236762.0,, ,False
2022-12-29,,4958,臻鼎-KY,3251,3254,172.0,176.0,68.0,62.0,3.0,236762.0,6.0,10.0,,236762.0,4.0, ,False
2022-12-30,,4958,臻鼎-KY,3254,3259,176.0,173.0,61.0,55.0,1.0,236762.0,8.0,5.0,,236762.0,1.0, ,False
2023-01-03,,4958,臻鼎-KY,3259,3256,173.0,177.0,74.0,74.0,3.0,236762.0,2.0,6.0,,236762.0,, ,
2023-01-04,,4958,臻鼎-KY,3256,3261,177.0,168.0,127.0,122.0,,236762.0,9.0,,,236762.0,, ,
2023-01-05,,4958,臻鼎-KY,3261,3250,168.0,154.0,90.0,100.0,1.0,236762.0,16.0,2.0,,236762.0,, ,
2023-01-06,,4958,臻鼎-KY,3250,3369,154.0,157.0,184.0,64.0,1.0,236762.0,1.0,4.0,,236762.0,, ,
2023-01-10,,4958,臻鼎-KY,3373,3239,158.0,160.0,56.0,190.0,,236762.0,,2.0,,236762.0,, ,
2023-01-11,,4958,臻鼎-KY,3239,3228,160.0,158.0,52.0,63.0,,236762.0,2.0,,,236762.0,, ,
2023-01-12,,4958,臻鼎-KY,3228,3220,158.0,158.0,35.0,43.0,,236762.0,,,,236762.0,, ,
2023-01-14,,4958,臻鼎-KY,3220,3229,158.0,158.0,27.0,18.0,,236762.0,,,,236762.0,, ,
2023-01-16,,4958,臻鼎-KY,3229,3216,158.0,158.0,18.0,31.0,,236762.0,,,,236762.0,, ,
2023-01-18,,4958,臻鼎-KY,3216,3154,158.0,156.0,26.0,83.0,5.0,236762.0,2.0,,,236762.0,, ,
2023-02-01,,4958,臻鼎-KY,3076,3026,157.0,157.0,70.0,120.0,,236762.0,,,,236762.0,, ,
2023-02-02,,4958,臻鼎-KY,3076,3026,157.0,157.0,70.0,120.0,,236762.0,,,,236762.0,, ,
2023-02-03,,4958,臻鼎-KY,2978,3018,148.0,145.0,70.0,30.0,,236762.0,4.0,1.0,,236762.0,, ,
2023-02-04,,4958,臻鼎-KY,2978,3018,148.0,145.0,70.0,30.0,,236762.0,4.0,1.0,,236762.0,, ,
2023-02-06,,4958,臻鼎-KY,3018,3009,145.0,143.0,11.0,20.0,,236762.0,3.0,1.0,,236762.0,, ,
2023-02-07,,4958,臻鼎-KY,3009,3071,143.0,143.0,77.0,14.0,1.0,236762.0,,,,236762.0,, ,
2023-02-08,,4958,臻鼎-KY,3071,3113,143.0,143.0,110.0,68.0,,236762.0,3.0,3.0,,236762.0,4.0, ,
2023-02-09,,4958,臻鼎-KY,3113,3121,143.0,143.0,36.0,28.0,,236762.0,1.0,1.0,,236762.0,, ,
2023-02-10,,4958,臻鼎-KY,3121,3091,143.0,144.0,36.0,65.0,1.0,236762.0,,1.0,,236762.0,, ,
2023-02-11,,4958,臻鼎-KY,3121,3091,143.0,144.0,36.0,65.0,1.0,236762.0,,1.0,,236762.0,, ,
2023-02-13,,4958,臻鼎-KY,3091,3060,144.0,145.0,21.0,52.0,,236762.0,,1.0,,236762.0,, ,
2023-02-14,,4958,臻鼎-KY,3060,3064,145.0,148.0,49.0,45.0,,236762.0,,3.0,,236762.0,, ,
2023-02-15,,4958,臻鼎-KY,3064,3054,148.0,149.0,33.0,43.0,,236762.0,,1.0,,236762.0,, ,
2023-02-16,,4958,臻鼎-KY,3054,3042,149.0,144.0,52.0,64.0,,236762.0,5.0,,,236762.0,, ,
2023-02-17,,4958,臻鼎-KY,3042,3121,144.0,146.0,114.0,35.0,,236762.0,,2.0,,236762.0,, ,
2023-02-18,,4958,臻鼎-KY,3042,3121,144.0,146.0,114.0,35.0,,236762.0,,2.0,,236762.0,, ,
2023-02-20,,4958,臻鼎-KY,3121,3135,146.0,146.0,56.0,42.0,,236762.0,,,,236762.0,, ,
2023-02-21,,4958,臻鼎-KY,3135,3085,146.0,146.0,19.0,69.0,,236762.0,,,,236762.0,, ,
2023-02-22,,4958,臻鼎-KY,3085,3057,146.0,147.0,10.0,38.0,,236762.0,,1.0,,236762.0,1.0, ,
2023-02-23,,4958,臻鼎-KY,3057,3061,147.0,149.0,58.0,54.0,,236762.0,1.0,3.0,,236762.0,1.0, ,
2023-02-24,,4958,臻鼎-KY,3061,3068,149.0,147.0,41.0,29.0,5.0,236762.0,3.0,1.0,,236762.0,, ,
2023-02-25,,4958,臻鼎-KY,3061,3068,149.0,147.0,41.0,29.0,5.0,236762.0,3.0,1.0,,236762.0,, ,
2023-02-27,,4958,臻鼎-KY,3061,3068,149.0,147.0,41.0,29.0,5.0,236762.0,3.0,1.0,,236762.0,, ,
2023-02-28,,4958,臻鼎-KY,3061,3068,149.0,147.0,41.0,29.0,5.0,236762.0,3.0,1.0,,236762.0,, ,
2023-03-01,,4958,臻鼎-KY,3068,3074,147.0,147.0,59.0,53.0,,236762.0,,,,236762.0,, ,
2023-03-02,,4958,臻鼎-KY,3074,3042,147.0,146.0,27.0,59.0,,236762.0,1.0,,,236762.0,1.0, ,
2023-03-03,,4958,臻鼎-KY,3042,3063,146.0,148.0,84.0,63.0,,236762.0,1.0,3.0,,236762.0,, ,
2023-03-04,,4958,臻鼎-KY,3042,3063,146.0,148.0,84.0,63.0,,236762.0,1.0,3.0,,236762.0,, ,
2023-03-06,,4958,臻鼎-KY,3063,3541,148.0,146.0,526.0,48.0,,236762.0,2.0,,,236762.0,, ,
2023-03-07,,4958,臻鼎-KY,3541,3640,146.0,133.0,301.0,202.0,,236762.0,21.0,8.0,,236762.0,, ,
2023-03-08,,4958,臻鼎-KY,3640,3694,133.0,88.0,132.0,78.0,,236762.0,45.0,,,236762.0,1.0, ,
2023-03-09,,4958,臻鼎-KY,3694,3945,88.0,81.0,327.0,76.0,,236762.0,7.0,,,236762.0,, ,
2023-03-10,,4958,臻鼎-KY,3945,4103,81.0,81.0,229.0,69.0,2.0,236762.0,2.0,2.0,,236762.0,6.0, ,
2023-03-11,,4958,臻鼎-KY,3945,4103,81.0,81.0,229.0,69.0,2.0,236762.0,2.0,2.0,,236762.0,6.0, ,
2023-03-13,,4958,臻鼎-KY,4103,4340,81.0,153.0,277.0,40.0,,236762.0,3.0,75.0,,236762.0,, ,
2023-03-14,,4958,臻鼎-KY,4340,4752,153.0,210.0,768.0,344.0,12.0,236762.0,82.0,139.0,,236762.0,3.0, ,
2023-03-15,,4958,臻鼎-KY,4752,4891,210.0,119.0,431.0,292.0,,236762.0,131.0,40.0,,236762.0,, ,
2023-03-16,,4958,臻鼎-KY,4891,4951,119.0,109.0,156.0,96.0,,236762.0,19.0,9.0,,236762.0,, ,
2023-03-17,,4958,臻鼎-KY,4951,5072,109.0,64.0,173.0,52.0,,236762.0,48.0,3.0,,236762.0,, ,
2023-03-18,,4958,臻鼎-KY,4951,5072,109.0,64.0,173.0,52.0,,236762.0,48.0,3.0,,236762.0,, ,
2023-03-20,,4958,臻鼎-KY,5072,5238,64.0,60.0,179.0,13.0,,236762.0,14.0,10.0,,236762.0,, ,
2023-03-21,,4958,臻鼎-KY,5238,5173,60.0,39.0,82.0,147.0,,236762.0,21.0,,,236762.0,, ,
2023-03-22,,4958,臻鼎-KY,5173,4983,39.0,27.0,147.0,337.0,,236762.0,12.0,,,236762.0,, ,
2023-03-23,,4958,臻鼎-KY,4983,5021,27.0,23.0,105.0,66.0,1.0,236762.0,4.0,,,236762.0,,X ,
2023-03-24,,4958,臻鼎-KY,5021,4988,23.0,,130.0,161.0,2.0,236762.0,23.0,,,236762.0,,X ,
2023-03-25,,4958,臻鼎-KY,5021,4988,23.0,,130.0,161.0,2.0,236762.0,23.0,,,236762.0,,X ,
2023-03-27,,4958,臻鼎-KY,4988,4932,,,112.0,168.0,,236762.0,,,,236762.0,,X ,
2023-03-28,,4958,臻鼎-KY,4932,5003,,,218.0,147.0,,236762.0,,,,236762.0,,X ,
2023-03-29,,4958,臻鼎-KY,5003,4999,,,57.0,61.0,,236762.0,,,,236762.0,, ,
2023-03-30,,4958,臻鼎-KY,4999,4932,,2.0,81.0,148.0,,236762.0,,2.0,,236762.0,, ,
2023-03-31,,4958,臻鼎-KY,4932,4806,2.0,2.0,91.0,217.0,,236762.0,,,,236762.0,21.0, ,
2023-04-01,,4958,臻鼎-KY,4932,4806,2.0,2.0,91.0,217.0,,236762.0,,,,236762.0,21.0, ,
2023-04-03,,4958,臻鼎-KY,4932,4806,2.0,2.0,91.0,217.0,,236762.0,,,,236762.0,21.0, ,
2023-04-04,,4958,臻鼎-KY,4932,4806,2.0,2.0,91.0,217.0,,236762.0,,,,236762.0,21.0, ,
2023-04-05,,4958,臻鼎-KY,4932,4806,2.0,2.0,91.0,217.0,,236762.0,,,,236762.0,21.0, ,
2023-04-06,,4958,臻鼎-KY,4806,4757,2.0,13.0,97.0,146.0,,236762.0,,11.0,,236762.0,, ,
2023-04-07,,4958,臻鼎-KY,4757,4901,13.0,11.0,181.0,37.0,,236762.0,2.0,,,236762.0,1.0, ,
2023-04-08,,4958,臻鼎-KY,4757,4901,13.0,11.0,181.0,37.0,,236762.0,2.0,,,236762.0,1.0, ,
2023-04-10,,4958,臻鼎-KY,4901,5036,11.0,21.0,163.0,28.0,,236762.0,3.0,13.0,,236762.0,, ,
2023-04-11,,4958,臻鼎-KY,5036,4883,21.0,22.0,47.0,200.0,,236762.0,1.0,2.0,,236762.0,, ,
2023-04-12,,4958,臻鼎-KY,4883,4703,22.0,16.0,56.0,236.0,,236762.0,6.0,,,236762.0,, ,
2023-04-13,,4958,臻鼎-KY,4703,4498,16.0,16.0,52.0,257.0,,236762.0,,,,236762.0,, ,
2023-04-14,,4958,臻鼎-KY,4498,4651,16.0,22.0,172.0,19.0,,236762.0,,6.0,,236762.0,, ,
2023-04-15,,4958,臻鼎-KY,4498,4651,16.0,22.0,172.0,19.0,,236762.0,,6.0,,236762.0,, ,
2023-04-17,,4958,臻鼎-KY,4651,4559,22.0,6.0,50.0,142.0,,236762.0,16.0,,,236762.0,, ,
2023-04-18,,4958,臻鼎-KY,4559,4534,6.0,5.0,14.0,39.0,,236762.0,1.0,,,236762.0,, ,
2023-04-19,,4958,臻鼎-KY,4534,4624,5.0,4.0,134.0,44.0,,236762.0,1.0,,,236762.0,, ,
2023-04-20,,4958,臻鼎-KY,4624,4607,4.0,13.0,29.0,40.0,6.0,236762.0,1.0,10.0,,236762.0,, ,
2023-04-21,,4958,臻鼎-KY,4607,4553,13.0,13.0,44.0,98.0,,236762.0,,,,236762.0,, ,
2023-04-22,,4958,臻鼎-KY,4607,4553,13.0,13.0,44.0,98.0,,236762.0,,,,236762.0,, ,
2023-04-24,,4958,臻鼎-KY,4553,4480,13.0,16.0,27.0,100.0,,236762.0,,3.0,,236762.0,, ,
2023-04-25,,4958,臻鼎-KY,4480,4407,16.0,18.0,21.0,94.0,,236762.0,1.0,3.0,,236762.0,, ,
2023-04-26,,4958,臻鼎-KY,4407,4356,18.0,19.0,43.0,94.0,,236762.0,,1.0,,236762.0,, ,
2023-04-27,,4958,臻鼎-KY,4356,4052,19.0,37.0,9.0,312.0,1.0,236762.0,,18.0,,236762.0,, ,
2023-04-28,,4958,臻鼎-KY,4052,4070,37.0,37.0,42.0,24.0,,236762.0,,,,236762.0,, ,
2023-04-29,,4958,臻鼎-KY,4052,4070,37.0,37.0,42.0,24.0,,236762.0,,,,236762.0,, ,
2023-05-01,,4958,臻鼎-KY,4052,4070,37.0,37.0,42.0,24.0,,236762.0,,,,236762.0,, ,
2023-05-02,,4958,臻鼎-KY,4070,4131,37.0,25.0,74.0,13.0,,236762.0,12.0,,,236762.0,, ,
2023-05-03,,4958,臻鼎-KY,4131,4103,25.0,22.0,21.0,43.0,6.0,236762.0,6.0,3.0,,236762.0,1.0, ,
2023-05-04,,4958,臻鼎-KY,4103,4084,22.0,20.0,14.0,33.0,,236762.0,2.0,,,236762.0,, ,
2023-05-05,,4958,臻鼎-KY,4084,4081,20.0,19.0,25.0,28.0,,236762.0,4.0,3.0,,236762.0,, ,
2023-05-06,,4958,臻鼎-KY,4084,4081,20.0,19.0,25.0,28.0,,236762.0,4.0,3.0,,236762.0,, ,
2023-05-08,,4958,臻鼎-KY,4081,3989,19.0,11.0,38.0,130.0,,236762.0,11.0,3.0,,236762.0,, ,
2023-05-09,,4958,臻鼎-KY,3989,3921,11.0,13.0,29.0,97.0,,236762.0,2.0,4.0,,236762.0,1.0, ,
2023-05-10,,4958,臻鼎-KY,3921,3919,13.0,36.0,43.0,45.0,,236762.0,3.0,26.0,,236762.0,, ,
2023-05-11,,4958,臻鼎-KY,3919,4123,36.0,54.0,333.0,129.0,,236762.0,26.0,44.0,,236762.0,7.0, ,
2023-05-12,,4958,臻鼎-KY,4123,4201,54.0,42.0,90.0,12.0,,236762.0,19.0,7.0,,236762.0,1.0, ,
2023-05-13,,4958,臻鼎-KY,4123,4201,54.0,42.0,90.0,12.0,,236762.0,19.0,7.0,,236762.0,1.0, ,
2023-05-15,,4958,臻鼎-KY,4201,4165,42.0,30.0,13.0,49.0,,236762.0,18.0,6.0,,236762.0,, ,
2023-05-16,,4958,臻鼎-KY,4165,3943,30.0,25.0,26.0,248.0,,236762.0,11.0,6.0,,236762.0,1.0, ,
2023-05-17,,4958,臻鼎-KY,3943,3929,25.0,51.0,15.0,29.0,,236762.0,7.0,33.0,,236762.0,2.0, ,
2023-05-18,,4958,臻鼎-KY,3929,3827,51.0,55.0,21.0,120.0,3.0,236762.0,5.0,9.0,,236762.0,1.0, ,
2023-05-19,,4958,臻鼎-KY,3827,3730,55.0,71.0,37.0,130.0,4.0,236762.0,2.0,18.0,,236762.0,, ,
2023-05-20,,4958,臻鼎-KY,3827,3730,55.0,71.0,37.0,130.0,4.0,236762.0,2.0,18.0,,236762.0,, ,
2023-05-22,,4958,臻鼎-KY,3730,3660,71.0,64.0,10.0,80.0,,236762.0,8.0,1.0,,236762.0,2.0, ,
2023-05-23,,4958,臻鼎-KY,3660,3758,64.0,53.0,113.0,15.0,,236762.0,11.0,,,236762.0,1.0, ,
2023-05-24,,4958,臻鼎-KY,3758,3638,53.0,52.0,7.0,98.0,29.0,236762.0,2.0,1.0,,236762.0,, ,
2023-05-25,,4958,臻鼎-KY,3638,3584,52.0,47.0,27.0,81.0,,236762.0,5.0,,,236762.0,, ,
2023-05-26,,4958,臻鼎-KY,3584,3643,47.0,45.0,92.0,33.0,,236762.0,2.0,,,236762.0,1.0, ,
2023-05-27,,4958,臻鼎-KY,3584,3643,47.0,45.0,92.0,33.0,,236762.0,2.0,,,236762.0,1.0, ,
2023-05-29,,4958,臻鼎-KY,3643,3580,45.0,43.0,34.0,97.0,,236762.0,2.0,,,236762.0,1.0,X ,
2023-05-30,,4958,臻鼎-KY,3580,3468,43.0,,30.0,141.0,1.0,236762.0,41.0,,2.0,236762.0,,X ,
2023-05-31,,4958,臻鼎-KY,3468,3467,,,69.0,70.0,,236762.0,,,,236762.0,,X ,
2023-06-01,,4958,臻鼎-KY,3467,3586,,,159.0,38.0,2.0,236762.0,,,,236762.0,,X ,
2023-06-02,,4958,臻鼎-KY,3586,3621,,,265.0,230.0,,236762.0,,,,236762.0,, ,
2023-06-03,,4958,臻鼎-KY,3586,3621,,,265.0,230.0,,236762.0,,,,236762.0,, ,
2023-06-05,,4958,臻鼎-KY,3621,3714,,41.0,138.0,42.0,3.0,236762.0,,41.0,,236762.0,10.0, ,
2023-06-06,,4958,臻鼎-KY,3714,3725,41.0,46.0,40.0,29.0,,236762.0,1.0,6.0,,236762.0,, ,
2023-06-07,,4958,臻鼎-KY,3725,3675,46.0,46.0,25.0,74.0,1.0,236762.0,,,,236762.0,, ,
2023-06-08,,4958,臻鼎-KY,3675,3755,46.0,59.0,98.0,18.0,,236762.0,,13.0,,236762.0,, ,
2023-06-09,,4958,臻鼎-KY,3675,3755,46,59,98,18,,236762,,13,,236762,, ,
