﻿,index,股票代號,股票名稱,融資前日餘額,融資今日餘額,融券前日餘額,融券今日餘額,融資買進,融資賣出,融資現金償還,融資限額,融券買進,融券賣出,融券現券償還,融券限額,資券互抵,註記,filter
2022-12-08,1000.0,6781,AES-KY,1462,1511,104.0,112.0,,,,,,,,,,,False
2022-12-12,,6781,AES-KY,1499,1519,107.0,95.0,75.0,55.0,,21354.0,12.0,,,21354.0,, ,False
2022-12-13,,6781,AES-KY,1530,1572,104.0,127.0,166.0,124.0,,21354.0,12.0,35.0,,21354.0,2.0, ,False
2022-12-14,,6781,AES-KY,1572,1630,127.0,123.0,134.0,76.0,,21354.0,15.0,11.0,,21354.0,, ,False
2022-12-15,,6781,AES-KY,1630,1623,123.0,132.0,108.0,115.0,,21354.0,5.0,14.0,,21354.0,1.0, ,False
2022-12-18,,6781,AES-KY,1623,1582,132.0,129.0,13.0,54.0,,21354.0,13.0,10.0,,21354.0,, ,False
2022-12-19,,6781,AES-KY,1582,1607,129.0,117.0,91.0,66.0,,21354.0,18.0,6.0,,21354.0,, ,False
2022-12-20,,6781,AES-KY,1607,1575,117.0,106.0,111.0,142.0,1.0,21354.0,25.0,14.0,,21354.0,2.0, ,False
2022-12-21,,6781,AES-KY,1575,1571,106.0,91.0,51.0,54.0,1.0,21354.0,18.0,3.0,,21354.0,, ,False
2022-12-23,,6781,AES-KY,1596,1577,68.0,89.0,35.0,54.0,,21354.0,20.0,41.0,,21354.0,, ,False
2022-12-26,,6781,AES-KY,1577,1571,89.0,84.0,25.0,31.0,,21354.0,10.0,5.0,,21354.0,1.0, ,False
2022-12-27,,6781,AES-KY,1571,1566,84.0,81.0,37.0,42.0,,21354.0,2.0,,1.0,21354.0,, ,False
2022-12-28,,6781,AES-KY,1566,1589,81.0,60.0,75.0,52.0,,21354.0,25.0,4.0,,21354.0,1.0, ,False
2022-12-29,,6781,AES-KY,1589,1587,60.0,67.0,31.0,33.0,,21354.0,2.0,9.0,,21354.0,, ,False
2022-12-30,,6781,AES-KY,1587,1624,67.0,68.0,53.0,16.0,,21354.0,4.0,5.0,,21354.0,, ,False
2023-01-03,,6781,AES-KY,1624,1613,68.0,68.0,15.0,26.0,,21354.0,5.0,5.0,,21354.0,, ,
2023-01-04,,6781,AES-KY,1613,1599,68.0,79.0,47.0,61.0,,21354.0,1.0,12.0,,21354.0,, ,
2023-01-05,,6781,AES-KY,1599,1514,79.0,95.0,63.0,148.0,,21354.0,6.0,22.0,,21354.0,, ,
2023-01-06,,6781,AES-KY,1514,1534,95.0,96.0,71.0,51.0,,21354.0,2.0,3.0,,21354.0,, ,
2023-01-10,,6781,AES-KY,1512,1573,98.0,101.0,154.0,90.0,3.0,21354.0,,3.0,,21354.0,3.0, ,
2023-01-11,,6781,AES-KY,1573,1563,101.0,96.0,69.0,79.0,,21354.0,10.0,5.0,,21354.0,2.0, ,
2023-01-12,,6781,AES-KY,1563,1571,96.0,97.0,53.0,45.0,,21354.0,2.0,3.0,,21354.0,, ,
2023-01-14,,6781,AES-KY,1571,1533,97.0,102.0,22.0,57.0,3.0,21354.0,5.0,10.0,,21354.0,, ,
2023-01-16,,6781,AES-KY,1533,1419,102.0,101.0,28.0,140.0,2.0,21354.0,2.0,1.0,,21354.0,, ,
2023-01-18,,6781,AES-KY,1419,1248,101.0,84.0,50.0,216.0,5.0,21354.0,17.0,,,21354.0,1.0, ,
2023-02-01,,6781,AES-KY,1183,1259,85.0,84.0,159.0,83.0,,21354.0,1.0,,,21354.0,4.0, ,
2023-02-02,,6781,AES-KY,1183,1259,85.0,84.0,159.0,83.0,,21354.0,1.0,,,21354.0,4.0, ,
2023-02-03,,6781,AES-KY,1255,1217,90.0,92.0,40.0,77.0,1.0,21354.0,,2.0,,21354.0,, ,
2023-02-04,,6781,AES-KY,1255,1217,90.0,92.0,40.0,77.0,1.0,21354.0,,2.0,,21354.0,, ,
2023-02-06,,6781,AES-KY,1217,1189,92.0,90.0,65.0,92.0,1.0,21354.0,2.0,,,21354.0,, ,
2023-02-07,,6781,AES-KY,1189,1228,90.0,88.0,77.0,38.0,,21354.0,2.0,,,21354.0,, ,
2023-02-08,,6781,AES-KY,1228,1128,88.0,139.0,204.0,304.0,,21354.0,4.0,55.0,,21354.0,, ,
2023-02-09,,6781,AES-KY,1128,1247,139.0,133.0,300.0,181.0,,21354.0,9.0,3.0,,21354.0,2.0, ,
2023-02-10,,6781,AES-KY,1247,1203,133.0,130.0,73.0,117.0,,21354.0,6.0,3.0,,21354.0,, ,
2023-02-11,,6781,AES-KY,1247,1203,133.0,130.0,73.0,117.0,,21354.0,6.0,3.0,,21354.0,, ,
2023-02-13,,6781,AES-KY,1203,1176,130.0,90.0,75.0,101.0,1.0,21354.0,39.0,,1.0,21354.0,, ,
2023-02-14,,6781,AES-KY,1176,1177,90.0,91.0,37.0,26.0,10.0,21354.0,,1.0,,21354.0,2.0, ,
2023-02-15,,6781,AES-KY,1177,1121,91.0,92.0,57.0,105.0,8.0,21354.0,2.0,3.0,,21354.0,2.0, ,
2023-02-16,,6781,AES-KY,1121,1211,92.0,94.0,153.0,62.0,1.0,21354.0,,2.0,,21354.0,4.0, ,
2023-02-17,,6781,AES-KY,1211,1192,94.0,94.0,31.0,49.0,1.0,21354.0,3.0,6.0,3.0,21354.0,1.0, ,
2023-02-18,,6781,AES-KY,1211,1192,94.0,94.0,31.0,49.0,1.0,21354.0,3.0,6.0,3.0,21354.0,1.0, ,
2023-02-20,,6781,AES-KY,1192,1197,94.0,94.0,50.0,45.0,,21354.0,2.0,2.0,,21354.0,, ,
2023-02-21,,6781,AES-KY,1197,1205,94.0,91.0,137.0,129.0,,21354.0,8.0,5.0,,21354.0,1.0, ,
2023-02-22,,6781,AES-KY,1205,1248,91.0,86.0,108.0,65.0,,21354.0,5.0,,,21354.0,1.0, ,
2023-02-23,,6781,AES-KY,1248,1237,86.0,86.0,82.0,93.0,,21354.0,,,,21354.0,, ,
2023-02-24,,6781,AES-KY,1237,1266,86.0,87.0,138.0,109.0,,21354.0,,1.0,,21354.0,, ,
2023-02-25,,6781,AES-KY,1237,1266,86.0,87.0,138.0,109.0,,21354.0,,1.0,,21354.0,, ,
2023-02-27,,6781,AES-KY,1237,1266,86.0,87.0,138.0,109.0,,21354.0,,1.0,,21354.0,, ,
2023-02-28,,6781,AES-KY,1237,1266,86.0,87.0,138.0,109.0,,21354.0,,1.0,,21354.0,, ,
2023-03-01,,6781,AES-KY,1266,1227,87.0,86.0,25.0,64.0,,21354.0,2.0,1.0,,21354.0,, ,
2023-03-02,,6781,AES-KY,1227,1214,86.0,85.0,138.0,150.0,1.0,21354.0,1.0,,,21354.0,1.0, ,
2023-03-03,,6781,AES-KY,1214,1219,85.0,84.0,63.0,56.0,2.0,21354.0,1.0,,,21354.0,, ,
2023-03-04,,6781,AES-KY,1214,1219,85.0,84.0,63.0,56.0,2.0,21354.0,1.0,,,21354.0,, ,
2023-03-06,,6781,AES-KY,1219,1204,84.0,84.0,49.0,64.0,,21354.0,1.0,1.0,,21354.0,, ,
2023-03-07,,6781,AES-KY,1204,1218,84.0,84.0,46.0,32.0,,21354.0,1.0,1.0,,21354.0,, ,
2023-03-08,,6781,AES-KY,1218,1215,84.0,83.0,98.0,100.0,1.0,21354.0,1.0,,,21354.0,1.0, ,
2023-03-09,,6781,AES-KY,1215,1252,83.0,82.0,79.0,42.0,,21354.0,5.0,4.0,,21354.0,, ,
2023-03-10,,6781,AES-KY,1252,1268,82.0,68.0,81.0,60.0,5.0,21354.0,6.0,,8.0,21354.0,1.0, ,
2023-03-11,,6781,AES-KY,1252,1268,82.0,68.0,81.0,60.0,5.0,21354.0,6.0,,8.0,21354.0,1.0, ,
2023-03-13,,6781,AES-KY,1268,1272,68.0,68.0,50.0,46.0,,21354.0,9.0,9.0,,21354.0,, ,
2023-03-14,,6781,AES-KY,1272,1299,68.0,67.0,44.0,17.0,,21354.0,2.0,1.0,,21354.0,1.0, ,
2023-03-15,,6781,AES-KY,1299,1293,67.0,48.0,129.0,135.0,,21354.0,20.0,1.0,,21354.0,3.0, ,
2023-03-16,,6781,AES-KY,1293,1318,48.0,41.0,66.0,41.0,,21354.0,10.0,3.0,,21354.0,1.0, ,
2023-03-17,,6781,AES-KY,1318,1290,41.0,44.0,39.0,65.0,2.0,21354.0,1.0,4.0,,21354.0,, ,
2023-03-18,,6781,AES-KY,1318,1290,41.0,44.0,39.0,65.0,2.0,21354.0,1.0,4.0,,21354.0,, ,
2023-03-20,,6781,AES-KY,1290,1266,44.0,39.0,33.0,57.0,,21354.0,6.0,1.0,,21354.0,, ,
2023-03-21,,6781,AES-KY,1266,1275,39.0,32.0,56.0,47.0,,21354.0,7.0,,,21354.0,, ,
2023-03-22,,6781,AES-KY,1275,1294,32.0,25.0,84.0,64.0,1.0,21354.0,2.0,,5.0,21354.0,, ,
2023-03-23,,6781,AES-KY,1294,1305,25.0,24.0,60.0,49.0,,21354.0,2.0,1.0,,21354.0,,X ,
2023-03-24,,6781,AES-KY,1305,1316,24.0,3.0,59.0,48.0,,21354.0,15.0,,6.0,21354.0,,X ,
2023-03-25,,6781,AES-KY,1305,1316,24.0,3.0,59.0,48.0,,21354.0,15.0,,6.0,21354.0,,X ,
2023-03-27,,6781,AES-KY,1316,1386,3.0,,122.0,50.0,2.0,21354.0,,,3.0,21354.0,,X ,
2023-03-28,,6781,AES-KY,1386,1424,,,152.0,97.0,17.0,21354.0,,,,21354.0,,X ,
2023-03-29,,6781,AES-KY,1424,1456,,,104.0,72.0,,21354.0,,,,21354.0,, ,
2023-03-30,,6781,AES-KY,1456,1480,,2.0,77.0,53.0,,21354.0,,2.0,,21354.0,7.0, ,
2023-03-31,,6781,AES-KY,1480,1485,2.0,12.0,36.0,31.0,,21354.0,,10.0,,21354.0,, ,
2023-04-01,,6781,AES-KY,1480,1485,2.0,12.0,36.0,31.0,,21354.0,,10.0,,21354.0,, ,
2023-04-03,,6781,AES-KY,1480,1485,2.0,12.0,36.0,31.0,,21354.0,,10.0,,21354.0,, ,
2023-04-04,,6781,AES-KY,1480,1485,2.0,12.0,36.0,31.0,,21354.0,,10.0,,21354.0,, ,
2023-04-05,,6781,AES-KY,1480,1485,2.0,12.0,36.0,31.0,,21354.0,,10.0,,21354.0,, ,
2023-04-06,,6781,AES-KY,1485,1483,12.0,8.0,19.0,21.0,,21354.0,5.0,1.0,,21354.0,, ,
2023-04-07,,6781,AES-KY,1483,1527,8.0,7.0,73.0,25.0,4.0,21354.0,5.0,4.0,,21354.0,2.0, ,
2023-04-08,,6781,AES-KY,1483,1527,8.0,7.0,73.0,25.0,4.0,21354.0,5.0,4.0,,21354.0,2.0, ,
2023-04-10,,6781,AES-KY,1527,1529,7.0,16.0,67.0,64.0,1.0,21354.0,2.0,11.0,,21354.0,4.0, ,
2023-04-11,,6781,AES-KY,1529,1512,16.0,26.0,114.0,131.0,,21354.0,3.0,13.0,,21354.0,, ,
2023-04-12,,6781,AES-KY,1512,1536,26.0,26.0,86.0,58.0,4.0,21354.0,1.0,1.0,,21354.0,, ,
2023-04-13,,6781,AES-KY,1536,1575,26.0,17.0,70.0,30.0,1.0,21354.0,10.0,1.0,,21354.0,, ,
2023-04-14,,6781,AES-KY,1575,1546,17.0,17.0,22.0,49.0,2.0,21354.0,3.0,3.0,,21354.0,, ,
2023-04-15,,6781,AES-KY,1575,1546,17.0,17.0,22.0,49.0,2.0,21354.0,3.0,3.0,,21354.0,, ,
2023-04-17,,6781,AES-KY,1546,1561,17.0,14.0,35.0,15.0,5.0,21354.0,3.0,,,21354.0,, ,
2023-04-18,,6781,AES-KY,1561,1574,14.0,16.0,77.0,64.0,,21354.0,,2.0,,21354.0,2.0, ,
2023-04-19,,6781,AES-KY,1574,1588,16.0,20.0,141.0,127.0,,21354.0,3.0,7.0,,21354.0,1.0, ,
2023-04-20,,6781,AES-KY,1588,1607,20.0,16.0,81.0,37.0,25.0,21354.0,6.0,2.0,,21354.0,, ,
2023-04-21,,6781,AES-KY,1607,1634,16.0,10.0,66.0,39.0,,21354.0,8.0,2.0,,21354.0,1.0, ,
2023-04-22,,6781,AES-KY,1607,1634,16.0,10.0,66.0,39.0,,21354.0,8.0,2.0,,21354.0,1.0, ,
2023-04-24,,6781,AES-KY,1634,1639,10.0,16.0,28.0,23.0,,21354.0,,6.0,,21354.0,, ,
2023-04-25,,6781,AES-KY,1639,1602,16.0,20.0,67.0,104.0,,21354.0,5.0,9.0,,21354.0,2.0, ,
2023-04-26,,6781,AES-KY,1602,1644,20.0,11.0,65.0,22.0,1.0,21354.0,10.0,1.0,,21354.0,1.0, ,
2023-04-27,,6781,AES-KY,1644,1664,11.0,8.0,40.0,20.0,,21354.0,5.0,2.0,,21354.0,3.0, ,
2023-04-28,,6781,AES-KY,1664,1623,8.0,15.0,29.0,70.0,,21354.0,2.0,9.0,,21354.0,, ,
2023-04-29,,6781,AES-KY,1664,1623,8.0,15.0,29.0,70.0,,21354.0,2.0,9.0,,21354.0,, ,
2023-05-01,,6781,AES-KY,1664,1623,8.0,15.0,29.0,70.0,,21354.0,2.0,9.0,,21354.0,, ,
2023-05-02,,6781,AES-KY,1623,1671,15.0,9.0,56.0,8.0,,21354.0,6.0,,,21354.0,, ,
2023-05-03,,6781,AES-KY,1671,1719,9.0,6.0,58.0,10.0,,21354.0,4.0,1.0,,21354.0,, ,
2023-05-04,,6781,AES-KY,1719,1815,6.0,12.0,103.0,7.0,,21354.0,1.0,7.0,,21354.0,, ,
2023-05-05,,6781,AES-KY,1815,1820,12.0,15.0,66.0,61.0,,21354.0,4.0,7.0,,21354.0,, ,
2023-05-06,,6781,AES-KY,1815,1820,12.0,15.0,66.0,61.0,,21354.0,4.0,7.0,,21354.0,, ,
2023-05-08,,6781,AES-KY,1820,1810,15.0,14.0,30.0,40.0,,21354.0,2.0,1.0,,21354.0,, ,
2023-05-09,,6781,AES-KY,1810,1774,14.0,15.0,30.0,66.0,,21354.0,3.0,4.0,,21354.0,, ,
2023-05-10,,6781,AES-KY,1774,1801,15.0,31.0,43.0,16.0,,21354.0,,16.0,,21354.0,, ,
2023-05-11,,6781,AES-KY,1801,1797,31.0,18.0,37.0,39.0,2.0,21354.0,15.0,2.0,,21354.0,2.0, ,
2023-05-12,,6781,AES-KY,1797,1818,18.0,8.0,44.0,23.0,,21354.0,12.0,2.0,,21354.0,, ,
2023-05-13,,6781,AES-KY,1797,1818,18.0,8.0,44.0,23.0,,21354.0,12.0,2.0,,21354.0,, ,
2023-05-15,,6781,AES-KY,1818,1785,8.0,14.0,21.0,54.0,,21354.0,2.0,8.0,,21354.0,, ,
2023-05-16,,6781,AES-KY,1785,1767,14.0,11.0,76.0,94.0,,21354.0,5.0,2.0,,21354.0,1.0, ,
2023-05-17,,6781,AES-KY,1767,1701,11.0,13.0,61.0,127.0,,21354.0,2.0,4.0,,21354.0,, ,
2023-05-18,,6781,AES-KY,1701,1702,13.0,12.0,88.0,87.0,,21354.0,5.0,4.0,,21354.0,, ,
2023-05-19,,6781,AES-KY,1702,1712,12.0,17.0,73.0,63.0,,21354.0,1.0,6.0,,21354.0,, ,
2023-05-20,,6781,AES-KY,1702,1712,12.0,17.0,73.0,63.0,,21354.0,1.0,6.0,,21354.0,, ,
2023-05-22,,6781,AES-KY,1712,1720,17.0,21.0,31.0,20.0,3.0,21354.0,4.0,8.0,,21354.0,, ,
2023-05-23,,6781,AES-KY,1720,1686,21.0,16.0,21.0,51.0,4.0,21354.0,6.0,1.0,,21354.0,, ,
2023-05-24,,6781,AES-KY,1686,1674,16.0,18.0,96.0,106.0,2.0,21354.0,6.0,8.0,,21354.0,, ,
2023-05-25,,6781,AES-KY,1674,1643,18.0,16.0,21.0,52.0,,21354.0,5.0,3.0,,21354.0,, ,
2023-05-26,,6781,AES-KY,1643,1640,16.0,14.0,24.0,27.0,,21354.0,5.0,3.0,,21354.0,, ,
2023-05-27,,6781,AES-KY,1643,1640,16.0,14.0,24.0,27.0,,21354.0,5.0,3.0,,21354.0,, ,
2023-05-29,,6781,AES-KY,1640,1641,14.0,12.0,95.0,94.0,,21354.0,3.0,1.0,,21354.0,2.0, ,
2023-05-30,,6781,AES-KY,1641,1622,12.0,11.0,40.0,57.0,2.0,21354.0,1.0,,,21354.0,, ,
2023-05-31,,6781,AES-KY,1622,1656,11.0,12.0,89.0,55.0,,21354.0,,1.0,,21354.0,, ,
2023-06-01,,6781,AES-KY,1656,1618,12.0,12.0,41.0,79.0,,21354.0,1.0,1.0,,21354.0,, ,
2023-06-02,,6781,AES-KY,1618,1615,12.0,10.0,62.0,65.0,,21354.0,3.0,1.0,,21354.0,1.0, ,
2023-06-03,,6781,AES-KY,1618,1615,12.0,10.0,62.0,65.0,,21354.0,3.0,1.0,,21354.0,1.0, ,
2023-06-05,,6781,AES-KY,1615,1643,10.0,10.0,44.0,16.0,,21354.0,1.0,1.0,,21354.0,, ,
2023-06-06,,6781,AES-KY,1643,1548,10.0,13.0,71.0,166.0,,21354.0,4.0,7.0,,21354.0,, ,
2023-06-07,,6781,AES-KY,1548,1484,13.0,26.0,56.0,120.0,,21354.0,1.0,14.0,,21354.0,, ,
2023-06-08,,6781,AES-KY,1484,1485,26.0,23.0,40.0,39.0,,21354.0,4.0,1.0,,21354.0,, ,
2023-06-09,,6781,AES-KY,1484,1485,26,23,40,39,,21354,4,1,,21354,, ,
