﻿,index,股票代號,股票名稱,融資前日餘額,融資今日餘額,融券前日餘額,融券今日餘額,融資買進,融資賣出,融資現金償還,融資限額,融券買進,融券賣出,融券現券償還,融券限額,資券互抵,註記,filter
2022-12-08,608.0,2845,遠東銀,3782,3806,36.0,37.0,,,,,,,,,,,False
2022-12-12,,2845,遠東銀,3470,3407,36.0,35.0,2.0,65.0,,1017370.0,2.0,1.0,,1017370.0,, ,False
2022-12-13,,2845,遠東銀,3655,3678,33.0,33.0,105.0,82.0,,1017370.0,,,,1017370.0,, ,False
2022-12-14,,2845,遠東銀,3678,3690,33.0,33.0,196.0,184.0,,1017370.0,1.0,1.0,,1017370.0,2.0, ,False
2022-12-15,,2845,遠東銀,3690,3836,33.0,33.0,150.0,4.0,,1017370.0,1.0,1.0,,1017370.0,, ,False
2022-12-18,,2845,遠東銀,3836,3853,33.0,34.0,86.0,69.0,,1017370.0,,1.0,,1017370.0,, ,False
2022-12-19,,2845,遠東銀,3853,3781,34.0,33.0,2.0,74.0,,1017370.0,1.0,,,1017370.0,, ,False
2022-12-20,,2845,遠東銀,3781,3870,33.0,31.0,119.0,30.0,,1017370.0,2.0,,,1017370.0,, ,False
2022-12-21,,2845,遠東銀,3870,3861,31.0,32.0,15.0,24.0,,1017370.0,,1.0,,1017370.0,, ,False
2022-12-23,,2845,遠東銀,3835,3831,33.0,34.0,11.0,15.0,,1017370.0,,1.0,,1017370.0,, ,False
2022-12-26,,2845,遠東銀,3831,3813,34.0,35.0,2.0,20.0,,1017370.0,,1.0,,1017370.0,, ,False
2022-12-27,,2845,遠東銀,3813,3811,35.0,34.0,,2.0,,1017370.0,2.0,1.0,,1017370.0,, ,False
2022-12-28,,2845,遠東銀,3811,3795,34.0,37.0,20.0,32.0,4.0,1017370.0,1.0,4.0,,1017370.0,, ,False
2022-12-29,,2845,遠東銀,3795,3829,37.0,36.0,39.0,5.0,,1017370.0,2.0,1.0,,1017370.0,, ,False
2022-12-30,,2845,遠東銀,3829,3832,36.0,39.0,12.0,9.0,,1017370.0,1.0,4.0,,1017370.0,, ,False
2023-01-03,,2845,遠東銀,3832,3839,39.0,33.0,7.0,,,1017370.0,6.0,,,1017370.0,, ,
2023-01-04,,2845,遠東銀,3839,3839,33.0,32.0,,,,1017370.0,1.0,,,1017370.0,, ,
2023-01-05,,2845,遠東銀,3839,3829,32.0,30.0,1.0,11.0,,1017370.0,2.0,,,1017370.0,, ,
2023-01-06,,2845,遠東銀,3829,3829,30.0,31.0,1.0,1.0,,1017370.0,,1.0,,1017370.0,, ,
2023-01-10,,2845,遠東銀,4062,4323,17.0,17.0,402.0,130.0,11.0,1017370.0,,,,1017370.0,, ,
2023-01-11,,2845,遠東銀,4323,3915,17.0,20.0,18.0,426.0,,1017370.0,,3.0,,1017370.0,, ,
2023-01-12,,2845,遠東銀,3915,3961,20.0,20.0,62.0,16.0,,1017370.0,,,,1017370.0,, ,
2023-01-14,,2845,遠東銀,3961,4035,20.0,20.0,105.0,31.0,,1017370.0,,,,1017370.0,, ,
2023-01-16,,2845,遠東銀,4035,4030,20.0,20.0,28.0,33.0,,1017370.0,,,,1017370.0,, ,
2023-01-18,,2845,遠東銀,4030,3931,20.0,15.0,22.0,56.0,65.0,1017370.0,5.0,,,1017370.0,, ,
2023-02-01,,2845,遠東銀,3737,3820,15.0,15.0,116.0,33.0,,1017370.0,,,,1017370.0,, ,
2023-02-02,,2845,遠東銀,3737,3820,15.0,15.0,116.0,33.0,,1017370.0,,,,1017370.0,, ,
2023-02-03,,2845,遠東銀,3826,3862,15.0,16.0,141.0,105.0,,1017370.0,,1.0,,1017370.0,, ,
2023-02-04,,2845,遠東銀,3826,3862,15.0,16.0,141.0,105.0,,1017370.0,,1.0,,1017370.0,, ,
2023-02-06,,2845,遠東銀,3862,3676,16.0,16.0,7.0,193.0,,1017370.0,,,,1017370.0,, ,
2023-02-07,,2845,遠東銀,3676,3672,16.0,17.0,52.0,56.0,,1017370.0,,1.0,,1017370.0,1.0, ,
2023-02-08,,2845,遠東銀,3672,3685,17.0,16.0,14.0,1.0,,1017370.0,1.0,,,1017370.0,, ,
2023-02-09,,2845,遠東銀,3685,3839,16.0,12.0,161.0,7.0,,1017370.0,4.0,,,1017370.0,, ,
2023-02-10,,2845,遠東銀,3839,3824,12.0,13.0,91.0,106.0,,1017370.0,,1.0,,1017370.0,, ,
2023-02-11,,2845,遠東銀,3839,3824,12.0,13.0,91.0,106.0,,1017370.0,,1.0,,1017370.0,, ,
2023-02-13,,2845,遠東銀,3824,3752,13.0,14.0,43.0,113.0,2.0,1017370.0,,1.0,,1017370.0,, ,
2023-02-14,,2845,遠東銀,3752,3690,14.0,14.0,28.0,90.0,,1017370.0,,,,1017370.0,, ,
2023-02-15,,2845,遠東銀,3690,3703,14.0,14.0,47.0,34.0,,1017370.0,1.0,1.0,,1017370.0,, ,
2023-02-16,,2845,遠東銀,3703,3625,14.0,13.0,32.0,110.0,,1017370.0,1.0,,,1017370.0,, ,
2023-02-17,,2845,遠東銀,3625,3600,13.0,13.0,,25.0,,1017370.0,,,,1017370.0,, ,
2023-02-18,,2845,遠東銀,3625,3600,13.0,13.0,,25.0,,1017370.0,,,,1017370.0,, ,
2023-02-20,,2845,遠東銀,3600,3762,13.0,12.0,179.0,17.0,,1017370.0,2.0,1.0,,1017370.0,, ,
2023-02-21,,2845,遠東銀,3762,3785,12.0,11.0,36.0,13.0,,1017370.0,1.0,,,1017370.0,, ,
2023-02-22,,2845,遠東銀,3785,3607,11.0,11.0,16.0,194.0,,1017370.0,,,,1017370.0,2.0, ,
2023-02-23,,2845,遠東銀,3607,3742,11.0,10.0,207.0,72.0,,1017370.0,1.0,,,1017370.0,, ,
2023-02-24,,2845,遠東銀,3742,3701,10.0,10.0,12.0,53.0,,1017370.0,,,,1017370.0,, ,
2023-02-25,,2845,遠東銀,3742,3701,10.0,10.0,12.0,53.0,,1017370.0,,,,1017370.0,, ,
2023-02-27,,2845,遠東銀,3742,3701,10.0,10.0,12.0,53.0,,1017370.0,,,,1017370.0,, ,
2023-02-28,,2845,遠東銀,3742,3701,10.0,10.0,12.0,53.0,,1017370.0,,,,1017370.0,, ,
2023-03-01,,2845,遠東銀,3701,4116,10.0,10.0,548.0,133.0,,1017370.0,,,,1017370.0,, ,
2023-03-02,,2845,遠東銀,4116,4176,10.0,10.0,73.0,13.0,,1017370.0,,,,1017370.0,, ,
2023-03-03,,2845,遠東銀,4176,3870,10.0,60.0,506.0,812.0,,1017370.0,,50.0,,1017370.0,, ,
2023-03-04,,2845,遠東銀,4176,3870,10.0,60.0,506.0,812.0,,1017370.0,,50.0,,1017370.0,, ,
2023-03-06,,2845,遠東銀,3870,3470,60.0,60.0,25.0,225.0,200.0,1017370.0,,,,1017370.0,, ,
2023-03-07,,2845,遠東銀,3470,3578,60.0,60.0,129.0,21.0,,1017370.0,,,,1017370.0,, ,
2023-03-08,,2845,遠東銀,3578,3594,60.0,60.0,34.0,18.0,,1017370.0,,,,1017370.0,1.0, ,
2023-03-09,,2845,遠東銀,3594,3559,60.0,60.0,10.0,45.0,,1017370.0,,,,1017370.0,, ,
2023-03-10,,2845,遠東銀,3559,3532,60.0,60.0,59.0,36.0,50.0,1017370.0,,,,1017370.0,, ,
2023-03-11,,2845,遠東銀,3559,3532,60.0,60.0,59.0,36.0,50.0,1017370.0,,,,1017370.0,, ,
2023-03-13,,2845,遠東銀,3532,3642,60.0,10.0,169.0,59.0,,1017370.0,50.0,,,1017370.0,, ,
2023-03-14,,2845,遠東銀,3642,3735,10.0,10.0,149.0,56.0,,1017370.0,,,,1017370.0,2.0, ,
2023-03-15,,2845,遠東銀,3735,3647,10.0,12.0,92.0,110.0,70.0,1017370.0,,2.0,,1017370.0,1.0, ,
2023-03-16,,2845,遠東銀,3647,3686,12.0,14.0,104.0,63.0,2.0,1017370.0,2.0,4.0,,1017370.0,2.0, ,
2023-03-17,,2845,遠東銀,3686,3501,14.0,330.0,12.0,197.0,,1017370.0,1.0,317.0,,1017370.0,3.0, ,
2023-03-18,,2845,遠東銀,3686,3501,14.0,330.0,12.0,197.0,,1017370.0,1.0,317.0,,1017370.0,3.0, ,
2023-03-20,,2845,遠東銀,3501,3652,330.0,13.0,198.0,36.0,11.0,1017370.0,317.0,,,1017370.0,1.0, ,
2023-03-21,,2845,遠東銀,3652,3620,13.0,13.0,46.0,78.0,,1017370.0,1.0,1.0,,1017370.0,3.0, ,
2023-03-22,,2845,遠東銀,3620,3572,13.0,13.0,103.0,56.0,95.0,1017370.0,,,,1017370.0,, ,
2023-03-23,,2845,遠東銀,3572,3753,13.0,13.0,201.0,20.0,,1017370.0,,,,1017370.0,, ,
2023-03-24,,2845,遠東銀,3753,3822,13.0,12.0,79.0,10.0,,1017370.0,1.0,,,1017370.0,1.0, ,
2023-03-25,,2845,遠東銀,3753,3822,13.0,12.0,79.0,10.0,,1017370.0,1.0,,,1017370.0,1.0, ,
2023-03-27,,2845,遠東銀,3822,3844,12.0,12.0,26.0,4.0,,1017370.0,,,,1017370.0,, ,
2023-03-28,,2845,遠東銀,3844,3910,12.0,14.0,68.0,2.0,,1017370.0,,2.0,,1017370.0,, ,
2023-03-29,,2845,遠東銀,3910,3906,14.0,17.0,38.0,42.0,,1017370.0,1.0,4.0,,1017370.0,, ,
2023-03-30,,2845,遠東銀,3906,3336,17.0,15.0,2.0,547.0,25.0,1017370.0,2.0,,,1017370.0,, ,
2023-03-31,,2845,遠東銀,3336,3329,15.0,14.0,4.0,11.0,,1017370.0,1.0,,,1017370.0,, ,
2023-04-01,,2845,遠東銀,3336,3329,15.0,14.0,4.0,11.0,,1017370.0,1.0,,,1017370.0,, ,
2023-04-03,,2845,遠東銀,3336,3329,15.0,14.0,4.0,11.0,,1017370.0,1.0,,,1017370.0,, ,
2023-04-04,,2845,遠東銀,3336,3329,15.0,14.0,4.0,11.0,,1017370.0,1.0,,,1017370.0,, ,
2023-04-05,,2845,遠東銀,3336,3329,15.0,14.0,4.0,11.0,,1017370.0,1.0,,,1017370.0,, ,
2023-04-06,,2845,遠東銀,3329,3518,14.0,14.0,207.0,18.0,,1017370.0,,,,1017370.0,, ,
2023-04-07,,2845,遠東銀,3518,3717,14.0,12.0,200.0,1.0,,1017370.0,2.0,,,1017370.0,,X ,
2023-04-08,,2845,遠東銀,3518,3717,14.0,12.0,200.0,1.0,,1017370.0,2.0,,,1017370.0,,X ,
2023-04-10,,2845,遠東銀,3717,3678,12.0,,1.0,39.0,1.0,1017370.0,7.0,,5.0,1017370.0,,X ,
2023-04-11,,2845,遠東銀,3678,3651,,,9.0,36.0,,1017370.0,,,,1017370.0,,X ,
2023-04-12,,2845,遠東銀,3651,3654,,,3.0,,,1017370.0,,,,1017370.0,,X ,
2023-04-13,,2845,遠東銀,3654,3664,,,16.0,6.0,,1017370.0,,,,1017370.0,, ,
2023-04-14,,2845,遠東銀,3664,3064,,,3.0,602.0,1.0,1017370.0,,,,1017370.0,1.0, ,
2023-04-15,,2845,遠東銀,3664,3064,,,3.0,602.0,1.0,1017370.0,,,,1017370.0,1.0, ,
2023-04-17,,2845,遠東銀,3064,3261,,,197.0,,,1017370.0,,,,1017370.0,, ,
2023-04-18,,2845,遠東銀,3261,3207,,,,54.0,,1017370.0,,,,1017370.0,1.0, ,
2023-04-19,,2845,遠東銀,3207,3198,,,6.0,15.0,,1017370.0,,,,1017370.0,1.0, ,
2023-04-20,,2845,遠東銀,3198,3008,,,4.0,194.0,,1017370.0,,,,1017370.0,, ,
2023-04-21,,2845,遠東銀,3008,3014,,1.0,12.0,6.0,,1017370.0,,1.0,,1017370.0,1.0, ,
2023-04-22,,2845,遠東銀,3008,3014,,1.0,12.0,6.0,,1017370.0,,1.0,,1017370.0,1.0, ,
2023-04-24,,2845,遠東銀,3014,3074,1.0,1.0,62.0,2.0,,1017370.0,,,,1017370.0,, ,
2023-04-25,,2845,遠東銀,3074,3061,1.0,2.0,7.0,20.0,,1017370.0,,1.0,,1017370.0,, ,
2023-04-26,,2845,遠東銀,3061,3041,2.0,4.0,17.0,37.0,,1017370.0,,2.0,,1017370.0,, ,
2023-04-27,,2845,遠東銀,3041,2951,4.0,6.0,,90.0,,1017370.0,,2.0,,1017370.0,, ,
2023-04-28,,2845,遠東銀,2951,2963,6.0,6.0,46.0,34.0,,1017370.0,2.0,2.0,,1017370.0,, ,
2023-04-29,,2845,遠東銀,2951,2963,6.0,6.0,46.0,34.0,,1017370.0,2.0,2.0,,1017370.0,, ,
2023-05-01,,2845,遠東銀,2951,2963,6.0,6.0,46.0,34.0,,1017370.0,2.0,2.0,,1017370.0,, ,
2023-05-02,,2845,遠東銀,2963,2972,6.0,6.0,16.0,7.0,,1017370.0,,,,1017370.0,, ,
2023-05-03,,2845,遠東銀,2972,2971,6.0,6.0,1.0,2.0,,1017370.0,,,,1017370.0,, ,
2023-05-04,,2845,遠東銀,2971,2951,6.0,6.0,1.0,21.0,,1017370.0,,,,1017370.0,, ,
2023-05-05,,2845,遠東銀,2951,2969,6.0,6.0,18.0,,,1017370.0,,,,1017370.0,, ,
2023-05-06,,2845,遠東銀,2951,2969,6.0,6.0,18.0,,,1017370.0,,,,1017370.0,, ,
2023-05-08,,2845,遠東銀,2969,3013,6.0,5.0,53.0,9.0,,1017370.0,1.0,,,1017370.0,, ,
2023-05-09,,2845,遠東銀,3013,3009,5.0,7.0,,4.0,,1017370.0,,2.0,,1017370.0,, ,
2023-05-10,,2845,遠東銀,3009,3027,7.0,6.0,42.0,24.0,,1017370.0,1.0,,,1017370.0,, ,
2023-05-11,,2845,遠東銀,3027,3127,6.0,7.0,100.0,,,1017370.0,,1.0,,1017370.0,, ,
2023-05-12,,2845,遠東銀,3127,3130,7.0,8.0,3.0,,,1017370.0,1.0,2.0,,1017370.0,, ,
2023-05-13,,2845,遠東銀,3127,3130,7.0,8.0,3.0,,,1017370.0,1.0,2.0,,1017370.0,, ,
2023-05-15,,2845,遠東銀,3130,3134,8.0,8.0,4.0,,,1017370.0,,,,1017370.0,, ,
2023-05-16,,2845,遠東銀,3134,3134,8.0,8.0,6.0,1.0,5.0,1017370.0,,,,1017370.0,, ,
2023-05-17,,2845,遠東銀,3134,3146,8.0,7.0,21.0,9.0,,1017370.0,1.0,,,1017370.0,, ,
2023-05-18,,2845,遠東銀,3146,3413,7.0,16.0,279.0,12.0,,1017370.0,1.0,10.0,,1017370.0,, ,
2023-05-19,,2845,遠東銀,3413,3325,16.0,16.0,36.0,124.0,,1017370.0,,,,1017370.0,, ,
2023-05-20,,2845,遠東銀,3413,3325,16.0,16.0,36.0,124.0,,1017370.0,,,,1017370.0,, ,
2023-05-22,,2845,遠東銀,3325,3299,16.0,15.0,6.0,31.0,1.0,1017370.0,1.0,,,1017370.0,, ,
2023-05-23,,2845,遠東銀,3299,3290,15.0,13.0,10.0,19.0,,1017370.0,2.0,,,1017370.0,, ,
2023-05-24,,2845,遠東銀,3290,3326,13.0,3.0,55.0,19.0,,1017370.0,10.0,,,1017370.0,, ,
2023-05-25,,2845,遠東銀,3326,3322,3.0,2.0,82.0,36.0,50.0,1017370.0,1.0,,,1017370.0,, ,
2023-05-26,,2845,遠東銀,3322,3225,2.0,2.0,4.0,1.0,100.0,1017370.0,,,,1017370.0,, ,
2023-05-27,,2845,遠東銀,3322,3225,2.0,2.0,4.0,1.0,100.0,1017370.0,,,,1017370.0,, ,
2023-05-29,,2845,遠東銀,3225,3199,2.0,1.0,18.0,3.0,41.0,1017370.0,2.0,1.0,,1017370.0,, ,
2023-05-30,,2845,遠東銀,3199,3189,1.0,2.0,2.0,12.0,,1017370.0,,1.0,,1017370.0,, ,
2023-05-31,,2845,遠東銀,3189,3428,2.0,3.0,243.0,4.0,,1017370.0,,1.0,,1017370.0,, ,
2023-06-01,,2845,遠東銀,3428,3301,3.0,3.0,1.0,128.0,,1017370.0,,,,1017370.0,, ,
2023-06-02,,2845,遠東銀,3301,3223,3.0,1.0,,78.0,,1017370.0,2.0,,,1017370.0,, ,
2023-06-03,,2845,遠東銀,3301,3223,3.0,1.0,,78.0,,1017370.0,2.0,,,1017370.0,, ,
2023-06-05,,2845,遠東銀,3223,3272,1.0,,103.0,54.0,,1017370.0,1.0,,,1017370.0,, ,
2023-06-06,,2845,遠東銀,3272,3273,,,2.0,1.0,,1017370.0,,,,1017370.0,, ,
2023-06-07,,2845,遠東銀,3273,3265,,,,8.0,,1017370.0,,,,1017370.0,, ,
2023-06-08,,2845,遠東銀,3265,3261,,,1.0,5.0,,1017370.0,,,,1017370.0,, ,
2023-06-09,,2845,遠東銀,3265,3261,,,1,5,,1017370,,,,1017370,, ,
