﻿,index,股票代號,股票名稱,融資前日餘額,融資今日餘額,融券前日餘額,融券今日餘額,融資買進,融資賣出,融資現金償還,融資限額,融券買進,融券賣出,融券現券償還,融券限額,資券互抵,註記,filter
2022-12-08,828.0,4915,致伸,12028,11496,345.0,349.0,,,,,,,,,,,False
2022-12-12,,4915,致伸,11700,11484,349.0,349.0,215.0,431.0,,114572.0,,,,114572.0,, ,False
2022-12-13,,4915,致伸,11224,11328,344.0,342.0,602.0,498.0,,114572.0,7.0,5.0,,114572.0,8.0, ,False
2022-12-14,,4915,致伸,11328,11345,342.0,340.0,142.0,123.0,2.0,114572.0,4.0,2.0,,114572.0,1.0, ,False
2022-12-15,,4915,致伸,11345,11282,340.0,340.0,196.0,259.0,,114572.0,,,,114572.0,1.0, ,False
2022-12-18,,4915,致伸,11282,11177,340.0,337.0,221.0,324.0,2.0,114572.0,4.0,3.0,2.0,114572.0,7.0, ,False
2022-12-19,,4915,致伸,11177,11048,337.0,338.0,60.0,189.0,,114572.0,1.0,2.0,,114572.0,5.0, ,False
2022-12-20,,4915,致伸,11048,10711,338.0,391.0,575.0,907.0,5.0,114572.0,32.0,85.0,,114572.0,, ,False
2022-12-21,,4915,致伸,10711,10444,391.0,415.0,84.0,351.0,,114572.0,9.0,33.0,,114572.0,2.0, ,False
2022-12-23,,4915,致伸,10701,10502,418.0,378.0,179.0,378.0,,114572.0,47.0,7.0,,114572.0,4.0, ,False
2022-12-26,,4915,致伸,10502,10452,378.0,376.0,24.0,74.0,,114572.0,5.0,3.0,,114572.0,, ,False
2022-12-27,,4915,致伸,10452,10467,376.0,358.0,35.0,19.0,1.0,114572.0,2.0,1.0,17.0,114572.0,1.0, ,False
2022-12-28,,4915,致伸,10467,10151,358.0,357.0,23.0,339.0,,114572.0,4.0,3.0,,114572.0,, ,False
2022-12-29,,4915,致伸,10151,10181,357.0,348.0,128.0,97.0,1.0,114572.0,18.0,9.0,,114572.0,1.0, ,False
2022-12-30,,4915,致伸,10181,10152,348.0,350.0,58.0,85.0,2.0,114572.0,5.0,7.0,,114572.0,6.0, ,False
2023-01-03,,4915,致伸,10152,10149,350.0,339.0,61.0,64.0,,114572.0,15.0,4.0,,114572.0,, ,
2023-01-04,,4915,致伸,10149,10049,339.0,334.0,119.0,219.0,,114572.0,12.0,7.0,,114572.0,, ,
2023-01-05,,4915,致伸,10049,9872,334.0,297.0,196.0,371.0,2.0,114572.0,39.0,2.0,,114572.0,2.0, ,
2023-01-06,,4915,致伸,9872,9721,297.0,284.0,131.0,280.0,2.0,114572.0,14.0,2.0,1.0,114572.0,4.0, ,
2023-01-10,,4915,致伸,9569,9514,282.0,283.0,101.0,152.0,4.0,114572.0,4.0,5.0,,114572.0,12.0, ,
2023-01-11,,4915,致伸,9514,9412,283.0,274.0,46.0,148.0,,114572.0,9.0,,,114572.0,1.0, ,
2023-01-12,,4915,致伸,9412,9197,274.0,270.0,21.0,236.0,,114572.0,5.0,1.0,,114572.0,, ,
2023-01-14,,4915,致伸,9197,9246,270.0,268.0,132.0,63.0,20.0,114572.0,2.0,,,114572.0,, ,
2023-01-16,,4915,致伸,9246,9177,268.0,273.0,37.0,105.0,1.0,114572.0,1.0,6.0,,114572.0,2.0, ,
2023-01-18,,4915,致伸,9177,8952,273.0,272.0,67.0,291.0,1.0,114572.0,1.0,,,114572.0,7.0, ,
2023-02-01,,4915,致伸,9098,8960,251.0,267.0,444.0,577.0,5.0,114572.0,1.0,17.0,,114572.0,, ,
2023-02-02,,4915,致伸,9098,8960,251.0,267.0,444.0,577.0,5.0,114572.0,1.0,17.0,,114572.0,, ,
2023-02-03,,4915,致伸,8537,8787,268.0,272.0,888.0,610.0,28.0,114572.0,,4.0,,114572.0,5.0, ,
2023-02-04,,4915,致伸,8537,8787,268.0,272.0,888.0,610.0,28.0,114572.0,,4.0,,114572.0,5.0, ,
2023-02-06,,4915,致伸,8787,8837,272.0,268.0,314.0,262.0,2.0,114572.0,6.0,2.0,,114572.0,, ,
2023-02-07,,4915,致伸,8837,8675,268.0,259.0,206.0,368.0,,114572.0,12.0,3.0,,114572.0,1.0, ,
2023-02-08,,4915,致伸,8675,8687,259.0,259.0,155.0,141.0,2.0,114572.0,1.0,1.0,,114572.0,, ,
2023-02-09,,4915,致伸,8687,8786,259.0,257.0,405.0,306.0,,114572.0,3.0,1.0,,114572.0,, ,
2023-02-10,,4915,致伸,8786,9175,257.0,258.0,688.0,293.0,6.0,114572.0,2.0,3.0,,114572.0,7.0, ,
2023-02-11,,4915,致伸,8786,9175,257.0,258.0,688.0,293.0,6.0,114572.0,2.0,3.0,,114572.0,7.0, ,
2023-02-13,,4915,致伸,9175,9174,258.0,260.0,113.0,114.0,,114572.0,2.0,4.0,,114572.0,, ,
2023-02-14,,4915,致伸,9174,9015,260.0,260.0,44.0,202.0,1.0,114572.0,,,,114572.0,, ,
2023-02-15,,4915,致伸,9015,8881,260.0,256.0,208.0,342.0,,114572.0,4.0,,,114572.0,, ,
2023-02-16,,4915,致伸,8878,9056,256.0,267.0,363.0,179.0,6.0,114572.0,3.0,14.0,,114572.0,3.0, ,
2023-02-17,,4915,致伸,9059,8799,267.0,267.0,55.0,314.0,1.0,114572.0,2.0,2.0,,114572.0,, ,
2023-02-18,,4915,致伸,9059,8799,267.0,267.0,55.0,314.0,1.0,114572.0,2.0,2.0,,114572.0,, ,
2023-02-20,,4915,致伸,8799,8608,267.0,259.0,72.0,263.0,,114572.0,9.0,1.0,,114572.0,, ,
2023-02-21,,4915,致伸,8608,8618,259.0,258.0,163.0,153.0,,114572.0,1.0,,,114572.0,1.0, ,
2023-02-22,,4915,致伸,8618,8721,258.0,251.0,310.0,207.0,,114572.0,9.0,2.0,,114572.0,, ,
2023-02-23,,4915,致伸,8721,8809,251.0,252.0,216.0,128.0,,114572.0,2.0,3.0,,114572.0,, ,
2023-02-24,,4915,致伸,8809,8396,252.0,254.0,833.0,1246.0,,114572.0,3.0,5.0,,114572.0,10.0, ,
2023-02-25,,4915,致伸,8809,8396,252.0,254.0,833.0,1246.0,,114572.0,3.0,5.0,,114572.0,10.0, ,
2023-02-27,,4915,致伸,8809,8396,252.0,254.0,833.0,1246.0,,114572.0,3.0,5.0,,114572.0,10.0, ,
2023-02-28,,4915,致伸,8809,8396,252.0,254.0,833.0,1246.0,,114572.0,3.0,5.0,,114572.0,10.0, ,
2023-03-01,,4915,致伸,8396,8409,254.0,280.0,805.0,792.0,,114572.0,14.0,40.0,,114572.0,6.0, ,
2023-03-02,,4915,致伸,8409,8768,280.0,255.0,1108.0,749.0,,114572.0,35.0,30.0,20.0,114572.0,6.0, ,
2023-03-03,,4915,致伸,8768,9222,255.0,236.0,1076.0,620.0,2.0,114572.0,21.0,2.0,,114572.0,6.0, ,
2023-03-04,,4915,致伸,8768,9222,255.0,236.0,1076.0,620.0,2.0,114572.0,21.0,2.0,,114572.0,6.0, ,
2023-03-06,,4915,致伸,9222,9429,236.0,218.0,815.0,606.0,2.0,114572.0,27.0,9.0,,114572.0,10.0, ,
2023-03-07,,4915,致伸,9429,9661,218.0,142.0,786.0,554.0,,114572.0,78.0,2.0,,114572.0,3.0, ,
2023-03-08,,4915,致伸,9661,9488,142.0,160.0,273.0,446.0,,114572.0,3.0,21.0,,114572.0,1.0, ,
2023-03-09,,4915,致伸,9488,9541,160.0,146.0,633.0,580.0,,114572.0,14.0,,,114572.0,1.0, ,
2023-03-10,,4915,致伸,9541,8974,146.0,133.0,156.0,722.0,1.0,114572.0,13.0,,,114572.0,2.0, ,
2023-03-11,,4915,致伸,9541,8974,146.0,133.0,156.0,722.0,1.0,114572.0,13.0,,,114572.0,2.0, ,
2023-03-13,,4915,致伸,8974,8924,133.0,127.0,303.0,353.0,,114572.0,8.0,2.0,,114572.0,10.0, ,
2023-03-14,,4915,致伸,8924,8977,127.0,108.0,221.0,168.0,,114572.0,19.0,,,114572.0,5.0, ,
2023-03-15,,4915,致伸,8977,9179,108.0,60.0,305.0,100.0,3.0,114572.0,8.0,,40.0,114572.0,10.0, ,
2023-03-16,,4915,致伸,9179,9262,60.0,51.0,383.0,300.0,,114572.0,5.0,,4.0,114572.0,1.0,X ,
2023-03-17,,4915,致伸,9262,9442,51.0,,350.0,169.0,1.0,114572.0,5.0,,46.0,114572.0,,X ,
2023-03-18,,4915,致伸,9262,9442,51.0,,350.0,169.0,1.0,114572.0,5.0,,46.0,114572.0,,X ,
2023-03-20,,4915,致伸,9442,9445,,,164.0,161.0,,114858.0,,,,114858.0,,X ,
2023-03-21,,4915,致伸,9445,9374,,,80.0,151.0,,114858.0,,,,114858.0,,X ,
2023-03-22,,4915,致伸,9374,9344,,,121.0,149.0,2.0,114858.0,,,,114858.0,, ,
2023-03-23,,4915,致伸,9344,9434,,4.0,216.0,124.0,2.0,114858.0,,4.0,,114858.0,5.0, ,
2023-03-24,,4915,致伸,9434,9388,4.0,3.0,154.0,200.0,,114858.0,1.0,,,114858.0,2.0, ,
2023-03-25,,4915,致伸,9434,9388,4.0,3.0,154.0,200.0,,114858.0,1.0,,,114858.0,2.0, ,
2023-03-27,,4915,致伸,9388,9213,3.0,4.0,102.0,277.0,,114858.0,,1.0,,114858.0,, ,
2023-03-28,,4915,致伸,9213,9145,4.0,6.0,151.0,219.0,,114858.0,,2.0,,114858.0,, ,
2023-03-29,,4915,致伸,9145,9016,6.0,17.0,47.0,176.0,,114858.0,,11.0,,114858.0,, ,
2023-03-30,,4915,致伸,9016,8964,17.0,13.0,66.0,118.0,,114858.0,6.0,2.0,,114858.0,, ,
2023-03-31,,4915,致伸,8964,8929,13.0,15.0,148.0,168.0,15.0,114858.0,1.0,3.0,,114858.0,, ,
2023-04-01,,4915,致伸,8964,8929,13.0,15.0,148.0,168.0,15.0,114858.0,1.0,3.0,,114858.0,, ,
2023-04-03,,4915,致伸,8964,8929,13.0,15.0,148.0,168.0,15.0,114858.0,1.0,3.0,,114858.0,, ,
2023-04-04,,4915,致伸,8964,8929,13.0,15.0,148.0,168.0,15.0,114858.0,1.0,3.0,,114858.0,, ,
2023-04-05,,4915,致伸,8964,8929,13.0,15.0,148.0,168.0,15.0,114858.0,1.0,3.0,,114858.0,, ,
2023-04-06,,4915,致伸,8929,8889,15.0,56.0,63.0,103.0,,114858.0,,41.0,,114858.0,4.0, ,
2023-04-07,,4915,致伸,8889,8941,56.0,51.0,117.0,64.0,1.0,114858.0,5.0,,,114858.0,, ,
2023-04-08,,4915,致伸,8889,8941,56.0,51.0,117.0,64.0,1.0,114858.0,5.0,,,114858.0,, ,
2023-04-10,,4915,致伸,8941,9021,51.0,51.0,141.0,60.0,1.0,114858.0,,,,114858.0,, ,
2023-04-11,,4915,致伸,9021,9196,51.0,51.0,218.0,43.0,,114858.0,1.0,1.0,,114858.0,, ,
2023-04-12,,4915,致伸,9196,9289,51.0,52.0,268.0,171.0,4.0,114858.0,,1.0,,114858.0,, ,
2023-04-13,,4915,致伸,9289,9228,52.0,141.0,142.0,203.0,,114858.0,,89.0,,114858.0,1.0, ,
2023-04-14,,4915,致伸,9228,9183,141.0,141.0,148.0,140.0,53.0,114858.0,,,,114858.0,1.0, ,
2023-04-15,,4915,致伸,9228,9183,141.0,141.0,148.0,140.0,53.0,114858.0,,,,114858.0,1.0, ,
2023-04-17,,4915,致伸,9183,9179,141.0,24.0,283.0,287.0,,114858.0,41.0,4.0,80.0,114858.0,1.0, ,
2023-04-18,,4915,致伸,9179,9019,24.0,23.0,134.0,294.0,,114858.0,1.0,,,114858.0,1.0, ,
2023-04-19,,4915,致伸,9019,8957,23.0,25.0,252.0,314.0,,114858.0,1.0,3.0,,114858.0,2.0, ,
2023-04-20,,4915,致伸,8957,8891,25.0,22.0,257.0,323.0,,114858.0,7.0,4.0,,114858.0,1.0, ,
2023-04-21,,4915,致伸,8891,8801,22.0,42.0,178.0,268.0,,114858.0,3.0,23.0,,114858.0,, ,
2023-04-22,,4915,致伸,8891,8801,22.0,42.0,178.0,268.0,,114858.0,3.0,23.0,,114858.0,, ,
2023-04-24,,4915,致伸,8801,8755,42.0,23.0,42.0,88.0,,114858.0,22.0,3.0,,114858.0,, ,
2023-04-25,,4915,致伸,8755,8588,23.0,29.0,55.0,220.0,2.0,114858.0,9.0,15.0,,114858.0,, ,
2023-04-26,,4915,致伸,8588,8583,29.0,19.0,105.0,100.0,10.0,114858.0,16.0,6.0,,114858.0,, ,
2023-04-27,,4915,致伸,8583,8468,19.0,18.0,28.0,143.0,,114858.0,3.0,2.0,,114858.0,, ,
2023-04-28,,4915,致伸,8468,8441,18.0,81.0,57.0,84.0,,114858.0,,63.0,,114858.0,, ,
2023-04-29,,4915,致伸,8468,8441,18.0,81.0,57.0,84.0,,114858.0,,63.0,,114858.0,, ,
2023-05-01,,4915,致伸,8468,8441,18.0,81.0,57.0,84.0,,114858.0,,63.0,,114858.0,, ,
2023-05-02,,4915,致伸,8441,8379,81.0,73.0,16.0,78.0,,114858.0,9.0,1.0,,114858.0,, ,
2023-05-03,,4915,致伸,8379,8334,73.0,41.0,497.0,542.0,,114858.0,54.0,22.0,,114858.0,3.0, ,
2023-05-04,,4915,致伸,8334,8249,41.0,39.0,182.0,266.0,1.0,114858.0,11.0,9.0,,114858.0,2.0, ,
2023-05-05,,4915,致伸,8249,8184,39.0,69.0,352.0,416.0,1.0,114858.0,5.0,35.0,,114858.0,13.0, ,
2023-05-06,,4915,致伸,8249,8184,39.0,69.0,352.0,416.0,1.0,114858.0,5.0,35.0,,114858.0,13.0, ,
2023-05-08,,4915,致伸,8184,8070,69.0,26.0,259.0,373.0,,114858.0,49.0,6.0,,114858.0,5.0, ,
2023-05-09,,4915,致伸,8070,7977,26.0,25.0,84.0,174.0,3.0,114858.0,3.0,2.0,,114858.0,, ,
2023-05-10,,4915,致伸,7977,7877,25.0,22.0,112.0,211.0,1.0,114858.0,5.0,2.0,,114858.0,1.0, ,
2023-05-11,,4915,致伸,7877,7885,22.0,21.0,173.0,165.0,,114858.0,8.0,7.0,,114858.0,1.0, ,
2023-05-12,,4915,致伸,7885,7904,21.0,11.0,84.0,64.0,1.0,114858.0,11.0,1.0,,114858.0,1.0, ,
2023-05-13,,4915,致伸,7885,7904,21.0,11.0,84.0,64.0,1.0,114858.0,11.0,1.0,,114858.0,1.0, ,
2023-05-15,,4915,致伸,7904,7870,11.0,11.0,94.0,119.0,9.0,114858.0,,,,114858.0,, ,
2023-05-16,,4915,致伸,7870,7774,11.0,14.0,183.0,279.0,,114858.0,2.0,5.0,,114858.0,, ,
2023-05-17,,4915,致伸,7774,8109,14.0,15.0,536.0,201.0,,114858.0,,1.0,,114858.0,, ,
2023-05-18,,4915,致伸,8109,7878,15.0,16.0,180.0,411.0,,114858.0,,1.0,,114858.0,1.0, ,
2023-05-19,,4915,致伸,7878,7888,16.0,17.0,214.0,204.0,,114858.0,,1.0,,114858.0,, ,
2023-05-20,,4915,致伸,7878,7888,16.0,17.0,214.0,204.0,,114858.0,,1.0,,114858.0,, ,
2023-05-22,,4915,致伸,7888,7999,17.0,17.0,258.0,147.0,,114858.0,,,,114858.0,, ,
2023-05-23,,4915,致伸,7999,7841,17.0,19.0,243.0,400.0,1.0,114858.0,,2.0,,114858.0,6.0, ,
2023-05-24,,4915,致伸,7841,7987,19.0,20.0,257.0,111.0,,114858.0,,1.0,,114858.0,, ,
2023-05-25,,4915,致伸,7987,8034,20.0,33.0,1053.0,1006.0,,114858.0,2.0,15.0,,114858.0,9.0, ,
2023-05-26,,4915,致伸,8034,8027,33.0,29.0,598.0,605.0,,114858.0,4.0,,,114858.0,, ,
2023-05-27,,4915,致伸,8034,8027,33.0,29.0,598.0,605.0,,114858.0,4.0,,,114858.0,, ,
2023-05-29,,4915,致伸,8027,8069,29.0,24.0,379.0,335.0,2.0,114858.0,5.0,2.0,2.0,114858.0,23.0, ,
2023-05-30,,4915,致伸,8069,8071,24.0,29.0,180.0,178.0,,114858.0,2.0,7.0,,114858.0,, ,
2023-05-31,,4915,致伸,8071,8024,29.0,35.0,195.0,242.0,,114858.0,1.0,7.0,,114858.0,, ,
2023-06-01,,4915,致伸,8024,7948,35.0,33.0,148.0,223.0,1.0,114858.0,2.0,,,114858.0,2.0, ,
2023-06-02,,4915,致伸,7948,7738,33.0,53.0,185.0,395.0,,114858.0,,20.0,,114858.0,, ,
2023-06-03,,4915,致伸,7948,7738,33.0,53.0,185.0,395.0,,114858.0,,20.0,,114858.0,, ,
2023-06-05,,4915,致伸,7738,7430,53.0,35.0,216.0,524.0,,114858.0,21.0,3.0,,114858.0,1.0, ,
2023-06-06,,4915,致伸,7430,7280,35.0,18.0,237.0,387.0,,114858.0,17.0,,,114858.0,, ,
2023-06-07,,4915,致伸,7280,7096,18.0,18.0,56.0,239.0,1.0,114858.0,,,,114858.0,, ,
2023-06-08,,4915,致伸,7096,6724,18.0,19.0,144.0,516.0,,114858.0,1.0,2.0,,114858.0,1.0, ,
2023-06-09,,4915,致伸,7096,6724,18,19,144,516,,114858,1,2,,114858,1, ,
